SEASON,ECOCERT_ID,CLIENT_NAME,SIRET,AUDIT_ID,AUDIT_TYPE,AUDIT_STATUT,STATUT_CONTRAT,DATE_LIMITE_AUDIT,PLANNED_DATE,DATE_AUDIT_DEBUT,DATE_AUDIT_FIN,AUDITOR_NAME,SCHEME_NAME,DATE_DECISION
2024,23944,FRANCE CAKE TRADITION,38274643600023,1546725,Annual inspection,4-Certification finished,Contracted,2024-08-31,2024-08-29,2024-08-28,2024-08-29,MENNETRET Laurent,PME+,2024-09-12
2022,20955,LUCIEN GEORGELIN SARL,38251081600038,1132830,Documentary review,4-Certification finished,Contracted,2022-12-31,2022-12-23,2023-01-23,2023-01-23,MENNETRET Laurent,PME+,2023-01-23
2022,84461,ALPINA SAVOIE,74572113400013,1218087,Annual inspection,4-Certification finished,Contracted,2022-12-31,2023-01-11,2023-01-11,2023-01-12,SUDAN Severine,PME+,2023-03-03
2026,313271,MIDIFLORE PLANTES AROMATIQUES,49086449300013,1875371,Documentary review,2-Inspection order accepted,Contracted,2026-09-30,,,,BELLEAU Lucas,PME+,
2026,258017,LABORATOIRES DERMOSUN,53053214200037,,Renewal audit,1-Inspection order created,Contracted,2026-06-30,,,,LAUQUE Eugénie,PME+,
2026,252772,SODIPORC,73182014800039,1875394,Documentary review,2-Inspection order accepted,Contracted,2026-10-31,,,,PAINVIN Margaux,PME+,
2024,84507,CROC FRAIS,41954485300049,1608822,Documentary review,4-Certification finished,Contracted,2024-10-31,2024-11-14,2024-10-28,2024-10-28,TABARY Thibaut,PME+,2024-10-29
2023,84571,LPA - LES P'TITS AMOUREUX SAS,41428075000020,1374389,Annual inspection,4-Certification finished,Contracted,2023-10-31,2023-12-21,2023-12-21,2023-12-21,MILIN Francois,PME+,2024-03-15
2024,267855,FDG group,49343990500032,1557374,Additional inspection,4-Certification finished,Contracted,2024-03-31,2024-03-26,2024-03-26,2024-03-26,JOIE Alexis,PME+,2024-04-26
2026,194340,GLACES DE LYON   SAS,50902294300013,1875576,Renewal audit,2-Inspection order accepted,Contracted,2026-07-31,2026-07-20,,,JOIE Alexis,PME+,
2023,127793,AMERICAN DESSERTS,50185556300018,1374373,Annual inspection,4-Certification finished,Contracted,2023-10-31,2023-10-03,2023-10-02,2023-10-03,SCART Hugo,PME+,2023-12-12
2024,84548,HUILE CAUVIN,33258749200023,1546800,Documentary review,4-Certification finished,Contracted,2024-07-31,2024-08-26,2024-09-04,2024-09-04,SCART Hugo,PME+,2024-09-04
2025,298340,FRUITS ROUGES & CO SAS,37897020600033,1743970,Initial inspection,4-Certification finished,Not contracted,2025-07-04,2025-04-29,2025-06-12,2025-06-12,RIVIERE Madline,PME+,2025-07-29
2024,166668,FUNKY VEGGIE,82140786300025,1546854,Annual inspection,4-Certification finished,Contracted,2024-06-30,2024-07-16,2024-07-16,2024-07-16,SCART Hugo,PME+,2024-07-26
2023,250195,GRAIN DE SAIL,53886674000011,1435694,Initial inspection,4-Certification finished,Contracted,2023-10-31,2023-10-25,2023-11-16,2023-11-16,SCART Hugo,PME+,2023-11-16
2025,186319,BRASSERIE 3 MONTS,33185949600019,1617126,Renewal audit,4-Certification finished,Contracted,2025-05-31,2025-03-03,2025-03-03,2025-03-04,SCART Hugo,PME+,2025-03-18
2026,124770,ALTERFOOD,51217542300015,1875540,Renewal audit,2-Inspector's Infoportal,Contracted,2026-10-31,,,,BELLEAU Lucas,PME+,
2025,21095,VITAGERMINE,77558681100132,1617389,Annual inspection,4-Certification finished,Contracted,2025-12-31,2025-12-04,2025-12-02,2025-12-04,TOUBOUL Julien,PME+,2025-12-16
2024,24086,VINAIGRERIE GENERALE,40008655900012,1564225,Initial inspection,4-Certification finished,Contracted,2024-04-30,2024-05-02,2024-05-02,2024-05-02,TABARY Thibaut,PME+,2024-05-22
2023,20506,REITZEL BRIAND SITE CONNERRE,57595041500019,1431795,Additional inspection,4-Certification finished,Not contracted,2023-10-31,2023-10-26,2023-10-27,2023-10-27,PROUST Marilyne,PME+,2024-01-15
2026,189053,CONSERVERIE AU BEC FIN   SAS,38307362400033,1875317,Documentary review,2-Inspection order accepted,Contracted,2026-03-31,2026-05-09,,,JOIE Alexis,PME+,
2024,189053,CONSERVERIE AU BEC FIN   SAS,38307362400033,1546788,Documentary review,4-Certification finished,Contracted,2024-03-31,2024-05-12,2024-04-23,2024-04-23,DE MEDTS Emilie,PME+,2024-04-23
2026,291403,LES NOUVELLES PAILLES,88359637100012,1875592,Renewal audit,4-Certification finished,Contracted,2026-02-28,2026-03-23,2026-03-23,2026-03-23,JOIE Alexis,PME+,2026-05-18
2025,289290,JEAN LARNAUDIE,41025258900024,1724648,Documentary review,4-Certification finished,Contracted,2025-03-31,2025-03-25,2025-02-25,2025-02-25,MOULIN Clement,PME+,2025-02-26
2024,167983,BIOMERE (ex : Jubiles) SAS,83094262900056,1546742,Documentary review,4-Certification finished,Contracted,2024-10-31,2024-11-04,2024-11-26,2024-11-26,MEYER Iman,PME+,2024-11-29
2025,20031,BISCUITERIE DE L'ABBAYE SAS,37645002900016,1617094,Documentary review,4-Certification finished,Contracted,2025-12-31,2025-10-22,2025-10-16,2025-10-16,BELLEAU Lucas,PME+,2025-10-20
2026,159961,BRASSERIE DE SUTTER,53029122800027,1872153,Initial inspection,3-Certification order accepted,Contracted,2026-01-31,2026-01-22,2026-01-22,2026-01-22,BELLEAU Lucas,PME+,
2026,287773,Groupe SECO SAS,53844935600020,1875414,Annual inspection,2-Inspector's Infoportal,Contracted,2026-11-30,,,,MENNETRET Laurent,PME+,
2024,25006,BISCUITS CANTREAU,54625022600026,1582355,Additional inspection,4-Certification finished,Not contracted,2024-11-30,2024-11-21,2024-11-21,2024-11-21,SAULNIER Charline,PME+,2025-02-03
2025,84590,BAILLON ET COMPAGNIE,30582580400027,1617396,Renewal audit,4-Certification finished,Contracted,2025-10-31,2025-10-02,2025-10-02,2025-10-02,MAGNAN Céline,PME+,2025-11-12
2023,20375,PODER SAS,35302694100024,1374458,Annual inspection,4-Certification finished,Contracted,2023-10-31,2023-11-28,2023-11-28,2023-11-29,MILIN Francois,PME+,2024-02-12
2022,84519,EXTRUPLAST,,1218076,Annual inspection,4-Certification finished,Contracted,2022-12-31,2023-01-27,2023-01-26,2023-01-27,MENNETRET Laurent,PME+,2023-02-06
2025,253441,SALAISONS DE ST SAUVEUR,50043831200026,1617547,Renewal audit,4-Certification finished,Contracted,2025-11-30,2025-11-18,2025-11-18,2025-11-18,BRIET Jean-Christophe,PME+,2025-11-24
2023,108038,PRODUCTION LA PRADE SAS,38390742500029,1373794,Initial inspection,4-Certification finished,Contracted,2023-02-28,2023-02-01,2023-02-01,2023-02-02,DE BELLABRE Maïka,PME+,2023-02-27
2025,283678,Nemo Invest,53453178500028,1875050,Initial inspection,4-Certification finished,Contracted,2025-07-31,2025-07-04,2025-07-03,2025-07-04,TOUBOUL Julien,PME+,2025-12-09
2025,23944,FRANCE CAKE TRADITION,38274643600023,1617150,Documentary review,4-Certification finished,Contracted,2025-08-31,2025-08-29,2025-08-29,2025-08-29,MOULIN Clement,PME+,2025-08-29
2025,300910,LES QUATRE SAISONS,34795652600037,1617203,Documentary review,4-Certification finished,Contracted,2025-10-31,2025-10-31,2025-10-21,2025-10-21,MOULIN Clement,PME+,2025-11-18
2025,201036,BIOFUTURE SAS,51311797800033,1617504,Renewal audit,4-Certification finished,Contracted,2025-09-30,2025-12-09,2025-12-09,2025-12-15,CUSTOJA Marie,PME+,2026-03-13
2026,84480,BRIOCHES FONTENEAU,32810477300010,1875553,Renewal audit,2-Inspector's Infoportal,Contracted,2026-11-30,,,,VIGNAUD Margaux,PME+,
2025,84461,ALPINA SAVOIE,74572113400013,1617215,Renewal audit,4-Certification finished,Contracted,2025-01-31,2025-03-24,2025-03-24,2025-03-25,MOSCA Audrey,PME+,2025-04-07
2026,315282,MALONGO,95580206100304,1875507,Additional inspection,2-Inspection order accepted,Not contracted,2026-09-30,,,,AUBERT Lorraine,PME+,
2022,238415,Les chevaliers d'Argouges,38204469100030,1246304,Documentary review,4-Certification finished,Contracted,2022-04-30,2022-06-16,2022-08-03,2022-08-03,MENNETRET Laurent,PME+,2022-08-03
2026,108447,GRANDS VINS SELECTION - GVS SA,34249639500027,1875342,Documentary review,2-Inspector's Infoportal,Contracted,2026-10-31,,,,BUTTIGIEG Karine,PME+,
2026,150532,BISCUITERIE FINE DE FRANCE,34954336300023,1875303,Documentary review,2-Inspection order accepted,Contracted,2026-07-31,,,,JOIE Alexis,PME+,
2025,315104,MAISON SAVARY,84487722500012,1773729,Initial inspection,4-Certification finished,Contracted,2025-10-31,2025-11-13,2025-11-13,2025-11-13,MENNETRET Laurent,PME+,2026-05-06
2025,194340,GLACES DE LYON   SAS,50902294300013,1617423,Documentary review,4-Certification finished,Contracted,2025-06-30,2025-07-16,2025-08-25,2025-08-25,JOIE Alexis,PME+,2025-08-26
2024,185055,BRASSERIE METEOR SA,59850064300013,1546786,Documentary review,4-Certification finished,Contracted,2024-09-30,2024-10-18,2024-10-11,2024-10-11,TABARY Thibaut,PME+,2024-10-11
2022,20203,CERECO SAS,38136495900027,1132780,Documentary review,4-Certification finished,Contracted,2022-06-30,2022-06-30,2022-11-07,2022-11-07,DE MEDTS Emilie,PME+,2022-11-07
2026,84499,COMPAGNIE DU MIDI,3732059500020,1875316,Documentary review,2-Inspection order accepted,Contracted,2026-06-30,2026-07-24,,,PAINVIN Margaux,PME+,
2026,84594,PIZZA DE MANOSQUE,38341491900027,1875379,Documentary review,4-Certification finished,Contracted,2026-05-31,2026-05-22,2026-04-30,2026-04-30,BELLEAU Lucas,PME+,2026-04-30
2026,308516,VNM,34446504200036,1875399,Documentary review,2-Inspection order accepted,Contracted,2026-07-31,2026-08-17,,,PAINVIN Margaux,PME+,
2022,121964,BRASSERIE DE VEZELAY SARL,53273732700025,1132825,Documentary review,4-Certification finished,Contracted,2022-10-31,2023-01-21,2022-12-23,2022-12-23,MOULIN Clement,PME+,2022-12-23
2023,121964,BRASSERIE DE VEZELAY SARL,53273732700025,1387349,Annual inspection,4-Certification finished,Contracted,2023-09-30,2023-11-30,2023-11-30,2023-11-30,PROUST Marilyne,PME+,2024-01-24
2026,67898,LAITERIE COLLET SARL,40290959200022,1905676,Additional inspection,4-Certification finished,Not contracted,2026-04-30,2026-04-20,2026-04-20,2026-04-20,JOIE Alexis,PME+,2026-06-26
2026,201036,BIOFUTURE SAS,51311797800033,1875285,Documentary review,2-Inspector's Infoportal,Contracted,2026-09-30,,,,BELLEAU Lucas,PME+,
2026,254059,FROMAGERIE LINCET,95750287000021,1875573,Renewal audit,4-Certification finished,Contracted,2026-03-31,2026-05-20,2026-05-20,2026-05-22,PETIT Doriane,PME+,2026-06-04
2026,84461,ALPINA SAVOIE,74572113400013,1875298,Documentary review,4-Certification finished,Contracted,2026-01-31,2026-04-28,2026-04-23,2026-04-23,JOIE Alexis,PME+,2026-04-27
2025,259012,CEV SAS,44171650300020,1763579,Additional inspection,4-Certification finished,Not contracted,2025-10-31,2025-11-17,2025-11-17,2025-11-17,BRONDEX Elodie,PME+,2025-12-04
2026,63854,HUILERIES DE LAPALISSE,31453979200015,1875582,Renewal audit,2-Inspection order accepted,Contracted,2026-09-30,,,,MOSCA Audrey,PME+,
2026,65990,SODALIS France SA,,1875393,Documentary review,2-Inspection order accepted,Contracted,2026-11-30,,,,MOULIN Clement,PME+,
2025,65990,SODALIS France SA,,1761256,Additional inspection,4-Certification finished,Contracted,2025-11-30,2025-11-26,2025-11-26,2025-11-26,DANGY Antoine,PME+,2026-01-13
2023,207090,Roches Blanches,53303039100015,1374404,Annual inspection,4-Certification finished,Contracted,2023-10-31,2023-11-20,2023-11-20,2023-11-21,MOULIN Clement,PME+,2023-12-06
2023,20552,EKIBIO,34505228600027,1381305,Annual inspection,4-Certification finished,Contracted,2023-12-31,2024-01-11,2024-01-11,2024-01-12,MATHEY Stéphanie,PME+,2024-02-09
2023,222762,FIDELE,44461361600028,1374589,Documentary review,4-Certification finished,Contracted,2023-08-31,2023-08-24,2023-08-24,2023-08-24,MENNETRET Laurent,PME+,2023-08-28
2025,287773,Groupe SECO SAS,53844935600020,1617364,Renewal audit,4-Certification finished,Contracted,2025-11-30,2025-12-04,2025-12-03,2025-12-04,MENNETRET Laurent,PME+,2026-01-07
2026,105235,FROMAGERIE MILLERET,42625002300030,1875501,Additional inspection,2-Inspection order accepted,Not contracted,2026-11-30,,,,SIMON Elisa,PME+,
2023,214068,AQUALIS SEAFOOD,41374797300035,1388602,Documentary review,4-Certification finished,Contracted,2023-09-30,2023-10-28,2023-10-24,2023-10-24,MEYER Iman,PME+,2023-11-06
2025,132921,NEMECO SARL,40032621100051,1617199,Documentary review,4-Certification finished,Contracted,2025-07-31,2026-01-10,2025-12-17,2025-12-17,MOULIN Clement,PME+,2025-12-18
2024,104049,ST HUBERT,,1582692,Additional inspection,4-Certification finished,Contracted,2024-10-31,2024-10-10,2024-10-10,2024-10-10,DENIS Coralie,PME+,2024-11-14
2022,44254,CONSERVES STEPHAN SAS,43695002600027,1132832,Documentary review,4-Certification finished,Contracted,2022-12-31,2022-12-15,2022-12-22,2022-12-22,MENNETRET Laurent,PME+,2022-12-22
2026,31787,ROUCADIL SARL,32732331700013,1875609,Renewal audit,2-Inspector's Infoportal,Contracted,2026-11-30,,,,CONVERT Mélissa,PME+,
2026,24054,BRASSERIE DUYCK SAS,40116220100024,1875551,Renewal audit,3-Certification order accepted,Contracted,2026-04-30,2026-05-27,2026-05-26,2026-05-27,BIA Elodie,PME+,
2023,20955,LUCIEN GEORGELIN SARL,38251081600038,1374354,Annual inspection,4-Certification finished,Contracted,2023-11-30,2023-12-20,2023-12-19,2023-12-20,BRIET Jean-Christophe,PME+,2024-03-15
2023,253436,MAINJOLLE,41011163700055,1374594,Documentary review,4-Certification finished,Contracted,2023-12-31,2023-02-16,2023-02-16,2023-02-16,JOIE Alexis,PME+,2023-02-16
2023,84480,BRIOCHES FONTENEAU,32810477300010,1374569,Documentary review,4-Certification finished,Contracted,2023-11-30,2023-11-20,2023-11-21,2023-11-21,MENNETRET Laurent,PME+,2023-11-21
2026,245828,LOC MARIA BISCUIT,37934015100057,1875506,Additional inspection,2-Inspection order accepted,Not contracted,2026-12-31,,,,DUVAL Anaïs,PME+,
2024,295937,SAS EAUX MINERALES NATURELLES DE QUEZAC,47946348100033,1579114,Initial inspection,4-Certification finished,Contracted,2024-06-30,2024-07-18,2024-07-18,2024-07-18,RIVIERE Madline,PME+,2024-07-30
2026,247577,SOCIETE FRANCAISE DE DIFFUSION DES VINAIGRES D'ORLEANS SAS,08608029800036,1875392,Documentary review,4-Certification finished,Contracted,2026-05-31,2026-05-19,2026-05-19,2026-05-19,BELLEAU Lucas,PME+,2026-05-19
2024,36293,CHARCUTERIE DU BLAVET,42169149400023,1595071,Initial inspection,4-Certification finished,Contracted,2024-11-30,2024-11-05,2024-11-04,2024-11-05,SCART Hugo,PME+,2024-12-02
2024,138024,ALPES BISCUITS,38219585700026,1557437,Documentary review,4-Certification finished,Contracted,2024-01-31,2024-02-12,2024-02-05,2024-02-05,MEYER Iman,PME+,2024-02-09
2026,167983,BIOMERE (ex : Jubiles) SAS,83094262900056,1875284,Documentary review,2-Inspector's Infoportal,Contracted,2026-09-30,,,,MENNETRET Laurent,PME+,
2025,84619,SILL,63622022000017,1617232,Renewal audit,4-Certification finished,Contracted,2025-12-30,2025-12-12,2025-12-08,2025-12-11,MILIN Francois,PME+,2026-01-06
2026,24447,LA RUCHE ROANNAISE BESACIER SA,40588005500034,1875354,Documentary review,2-Inspection order accepted,Contracted,2026-07-31,,,,JOIE Alexis,PME+,
2025,49099,FROMAGERIE MILLERET SA,42625002300014,1617032,Renewal audit,4-Certification finished,Contracted,2025-11-30,2025-11-27,2025-11-12,2025-11-28,SIMON Elisa,PME+,2025-12-08
2025,84538,FROMAGERIE GILLOT,34582029400014,1617086,Documentary review,4-Certification finished,Contracted,2025-12-31,2025-12-24,2025-12-19,2025-12-19,BELLEAU Lucas,PME+,2026-01-05
2024,84538,FROMAGERIE GILLOT,34582029400014,1546865,Annual inspection,4-Certification finished,Contracted,2024-12-31,2024-12-02,2024-12-02,2024-12-03,NOURY Pierre-Alexandre,PME+,2024-12-06
2026,66354,FRUITS ROUGES & CO SAS,37897020600025,1875338,Documentary review,4-Certification finished,Contracted,2026-06-30,,2026-06-17,2026-06-17,BUTTIGIEG Karine,PME+,2026-06-18
2024,20269,NATURE ET ALIMENTS SAS,85580259100021,1546730,Documentary review,4-Certification finished,Contracted,2024-09-30,2024-11-12,2024-11-12,2024-11-12,SCART Hugo,PME+,2024-12-11
2022,30150,RAIFALSA-ALELOR SAS,41452729100036,1243685,Documentary review,4-Certification finished,Contracted,2022-10-31,2022-12-02,2022-11-17,2022-11-17,MENNETRET Laurent,PME+,2022-11-17
2023,156511,BORDE SAS,78826729200043,1374370,Annual inspection,4-Certification finished,Contracted,2024-01-31,2024-01-23,2024-01-23,2024-01-24,MOSCA Audrey,PME+,2024-02-12
2025,25356,SABAROT WASSNER,58575081300040,1617418,Documentary review,4-Certification finished,Contracted,2025-05-31,2025-06-20,2025-07-21,2025-07-21,MOULIN Clement,PME+,2025-07-21
2025,224915,CHARLES & ALICE,34768107400063,1617441,Renewal audit,4-Certification finished,Contracted,2025-09-30,2026-01-20,2026-01-19,2026-01-20,JOIE Alexis,PME+,2026-04-24
2026,183726,GREEN FAMILY,52977758300046,1875577,Renewal audit,4-Certification finished,Contracted,2026-05-31,2026-05-12,2026-05-12,2026-05-12,PETIT Doriane,PME+,2026-06-03
2025,238889,NINKASI FABRIQUES,42395306600010,1617414,Annual inspection,4-Certification finished,Contracted,2025-06-30,2025-09-18,2025-09-18,2025-09-18,JOIE Alexis,PME+,2025-10-14
2026,23964,LE PETIT BASQUE SA,39968565000018,1896904,Annual inspection,2-Inspector's Infoportal,Not contracted,2026-12-31,,,,CONVERT Mélissa,PME+,
2025,24086,VINAIGRERIE GENERALE,40008655900012,1617187,Documentary review,4-Certification finished,Contracted,2025-04-30,2025-04-27,2025-04-23,2025-04-23,MOULIN Clement,PME+,2025-04-28
2023,253758,Natur'opéra,84954105700022,1406048,Renewal audit,4-Certification finished,Contracted,2023-05-31,2023-05-25,2023-05-25,2023-05-26,MATHEY Stéphanie,PME+,2023-07-13
2026,38582,ROUTIN SA,74562027800010,1875610,Renewal audit,2-Inspector's Infoportal,Contracted,2026-10-31,,,,SUDAN Severine,PME+,
2024,150532,BISCUITERIE FINE DE FRANCE,34954336300023,1546777,Documentary review,4-Certification finished,Contracted,2024-08-09,2024-08-09,2024-08-05,2024-08-05,MENNETRET Laurent,PME+,2024-08-05
2025,313114,MAGDA SAS,38866963200076,1762698,Initial inspection,4-Certification finished,Contracted,2025-09-30,2025-09-03,2025-09-02,2025-09-03,HUSSON Sophie,PME+,2025-09-08
2024,84552,JC DAVID,32135524000037,1558337,Documentary review,4-Certification finished,Contracted,2024-10-31,2024-11-14,2024-11-05,2024-11-05,TABARY Thibaut,PME+,2024-11-13
2026,84562,LARZUL,77545321000046,1875355,Documentary review,2-Inspection order accepted,Contracted,2026-06-30,,,,JOIE Alexis,PME+,
2024,102850,ALTHO,39772959100016,1546909,Renewal audit,4-Certification finished,Contracted,2024-11-30,2024-12-03,2024-12-03,2024-12-05,MILIN Francois,PME+,2025-01-16
2026,250846,ATELIER CORSE FRUITS ET LEGUMES SAS,90003265700026,1875300,Documentary review,2-Inspection order accepted,Contracted,2026-09-30,,,,BELLEAU Lucas,PME+,
2026,315104,MAISON SAVARY,84487722500012,1875368,Documentary review,2-Inspector's Infoportal,Contracted,2026-10-31,,,,BUTTIGIEG Karine,PME+,
2026,132921,NEMECO SARL,40032621100051,1875601,Renewal audit,2-Inspector's Infoportal,Contracted,2026-07-31,,,,MENNETRET Laurent,PME+,
2025,315141,SALAISON DEBROAS,30942263200021,1770384,Additional inspection,4-Certification finished,Not contracted,2025-09-30,2025-11-10,2025-11-10,2025-11-10,AUBERT Lorraine,PME+,2025-11-27
2024,224915,CHARLES & ALICE,34768107400063,1546887,Annual inspection,4-Certification finished,Contracted,2024-09-30,2024-11-26,2024-11-25,2024-11-26,JOIE Alexis,PME+,2025-02-14
2024,84635,YOOJI,75371892300026,1546875,Annual inspection,4-Certification finished,Contracted,2024-11-30,2024-12-10,2024-12-10,2024-12-11,MEYER Iman,PME+,2025-02-04
2026,84503,CORSICA GASTRONOMIA,37967510100024,1875320,Documentary review,2-Inspector's Infoportal,Contracted,2026-09-30,,,,MENNETRET Laurent,PME+,
2024,301081,FOODIZ SOLUTIONS,53445511800040,1605460,Initial inspection,4-Certification finished,Contracted,2024-11-30,2024-11-27,2024-11-26,2024-11-27,BIA Elodie,PME+,2024-12-23
2024,84547,HEIMBURGER,41047202100014,1546866,Annual inspection,4-Certification finished,Contracted,2024-12-31,2024-12-11,2024-12-10,2024-12-11,DENIS Coralie,PME+,2025-01-27
2023,67168,JEAN MARTIN SAS,31527063700012,1374358,Annual inspection,4-Certification finished,Contracted,2023-09-30,2023-07-17,2023-07-17,2023-07-18,HUSSON Sophie,PME+,2023-09-04
2023,84457,AGRO'NOVAE,33863506300047,1387370,Documentary review,4-Certification finished,Contracted,2023-09-30,2023-10-15,2023-10-10,2023-10-10,MOULIN Clement,PME+,2023-10-10
2022,84479,BRETZEL BURGARD SAS,43777366600122,1132650,Annual inspection,4-Certification finished,Contracted,2022-07-31,2022-09-27,2022-09-27,2022-09-28,BRONDEX Elodie,PME+,2022-11-07
2023,287773,Groupe SECO SAS,53844935600020,1439643,Initial inspection,4-Certification finished,Contracted,2023-11-30,2023-11-24,2023-11-23,2023-11-24,SCART Hugo,PME+,2024-05-16
2024,203932,CSP Paris Fashion Group,41031726700038,1574159,Renewal audit,4-Certification finished,Contracted,2024-10-31,2024-10-08,2024-10-08,2024-10-09,VIDAL Marine,PME+,2024-11-13
2024,31787,ROUCADIL SARL,32732331700013,1601103,Renewal audit,4-Certification finished,Contracted,2024-11-30,2024-12-04,2024-12-03,2024-12-04,MOULIN Clement,PME+,2025-01-27
2024,66851,BISCUITERIE DE PROVENCE SA,38238136600048,1546747,Annual inspection,4-Certification finished,Contracted,2024-08-31,2024-09-05,2024-09-04,2024-09-05,MENNETRET Laurent,PME+,2024-12-12
2022,237621,WOLF LINGERIE,63850210400042,1239730,Documentary review,4-Certification finished,Contracted,2022-03-31,2022-05-16,2022-07-01,2022-07-01,TABARY Thibaut,PME+,2023-10-16
2026,247840,PAGES VEDRENNE,35382104400065,1875509,Additional inspection,2-Inspector's Infoportal,Not contracted,2026-09-30,,,,JOIE Alexis,PME+,
2023,84514,DRAGEES REYNAUD,31533534900017,1409177,Initial inspection,4-Certification finished,Contracted,2023-09-30,2023-09-15,2023-09-16,2023-09-16,AUBERT Lorraine,PME+,2023-10-10
2023,64176,REITZEL BRIAND,34746424000063,1374422,Annual inspection,4-Certification finished,Contracted,2023-10-31,2023-10-27,2023-10-26,2023-10-26,PROUST Marilyne,PME+,2024-01-15
2024,289862,CHARCUTERIE VENDEENNE,32295081700013,1557250,Initial inspection,4-Certification finished,Contracted,2024-02-29,2024-02-15,2024-02-15,2024-02-16,SAULNIER Charline,PME+,2024-02-29
2025,216435,COOKIE CREATIONS,34061091400038,1617361,Renewal audit,4-Certification finished,Contracted,2025-02-28,2025-02-13,2025-02-12,2025-02-13,MENNETRET Laurent,PME+,2025-03-11
2023,21952,CONFISERIE DU ROY RENE SAS,62162092100026,1384100,Documentary review,4-Certification finished,Contracted,2023-08-31,2023-09-29,2023-09-14,2023-09-14,DE MEDTS Emilie,PME+,2023-09-14
2022,21568,FAMILLE MICHAUD APICULTEURS SA,77563811700033,1132849,Documentary review,4-Certification finished,Contracted,2022-01-31,2022-05-20,2022-07-20,2022-07-20,SCART Hugo,PME+,2022-07-20
2022,117404,BPA ANGERS SAS,32872594000030,1258702,Initial inspection,4-Certification finished,Contracted,2022-11-30,2022-11-10,2022-11-09,2022-11-10,MENNETRET Laurent,PME+,2022-12-15
2025,258017,LABORATOIRES DERMOSUN,53053214200037,1617313,Documentary review,4-Certification finished,Contracted,2025-04-30,2025-06-25,2025-06-25,2025-06-25,MOULIN Clement,PME+,2025-06-25
2025,20615,LES SALINES DE GUERANDE,34924131500010,1617365,Renewal audit,4-Certification finished,Contracted,2025-12-31,2025-12-16,2025-12-16,2025-12-17,VIGNAUD Margaux,PME+,2026-01-05
2026,174899,BIERES FINES ,79746103500025,1875546,Renewal audit,2-Inspector's Infoportal,Contracted,2026-10-31,,,,BELLEAU Lucas,PME+,
2026,67168,JEAN MARTIN SAS,31527063700012,1875352,Documentary review,2-Inspection order accepted,Contracted,2026-07-31,,,,JOIE Alexis,PME+,
2024,229581,FERME DE LA MOTTE ,42433296300018,1546819,Documentary review,4-Certification finished,Contracted,2024-11-30,2024-12-27,2025-01-22,2025-01-22,SCART Hugo,PME+,2025-01-23
2025,84489,CHARBONNEAUX BRABANT,33578220700013,1617127,Renewal audit,4-Certification finished,Contracted,2026-05-31,2026-05-28,2026-05-27,2026-05-28,PETIT Doriane,PME+,2026-06-22
2023,49099,FROMAGERIE MILLERET SA,42625002300014,1374360,Annual inspection,4-Certification finished,Contracted,2023-12-31,2023-11-20,2023-11-20,2023-11-21,SIMON Elisa,PME+,2024-02-23
2025,212983,LES GOUTS DU SUD   SAS,47924424600019,1617521,Documentary review,4-Certification finished,Contracted,2025-03-31,2025-04-11,2025-03-28,2025-03-28,BUTTIGIEG Karine,PME+,2025-04-02
2023,255229,OVALIS,,1374596,Documentary review,4-Certification finished,Contracted,2023-07-31,2023-11-06,2023-11-21,2023-11-21,MEYER Iman,PME+,2023-11-23
2024,84519,EXTRUPLAST,,1546864,Annual inspection,4-Certification finished,Contracted,2024-11-30,2024-11-14,2024-11-12,2024-11-14,MAGNAN Céline,PME+,2025-01-03
2022,20269,NATURE ET ALIMENTS SAS,85580259100021,1132847,Documentary review,4-Certification finished,Contracted,2022-10-31,2022-11-30,2022-12-05,2022-12-05,NEBILI Nora,PME+,2022-12-20
2025,199568,CHARLES CHOCOLARTISAN,53516941100043,1617427,Documentary review,4-Certification finished,Contracted,2025-03-31,2025-05-15,2025-04-25,2025-04-25,JOIE Alexis,PME+,2025-04-28
2024,20307,CREPERIE  JARNOUX,38092733500030,1546843,Documentary review,4-Certification finished,Contracted,2024-10-30,2024-10-25,2024-10-09,2024-10-11,TABARY Thibaut,PME+,2024-10-14
2024,21567,NATURALIM France Miel SAS,38863525200033,1546771,Documentary review,4-Certification finished,Contracted,2024-10-31,2024-12-13,2024-12-13,2024-12-13,TABARY Thibaut,PME+,2024-12-13
2025,284388,Patisserie Beurlay,42969802000014,1617366,Renewal audit,4-Certification finished,Contracted,2025-12-15,2025-11-05,2025-11-05,2025-11-05,MAGNAN Céline,PME+,2026-02-02
2023,62426,TREO,41420362000052,1402594,Initial inspection,4-Certification finished,Contracted,2023-09-30,2023-09-05,2023-09-05,2023-09-05,MOULIN Clement,PME+,2023-10-19
2023,31787,ROUCADIL SARL,32732331700013,1374559,Documentary review,4-Certification finished,Contracted,2024-01-31,2024-02-02,2024-01-16,2024-01-16,MEYER Iman,PME+,2024-01-18
2025,84477,BIOPLANTS,52772723400033,1617037,Documentary review,4-Certification finished,Contracted,2025-10-31,2025-10-13,2025-10-14,2025-10-14,PAINVIN Margaux,PME+,2025-10-14
2025,222274,LES CAFÉS SATI,57850209800010,1617429,Documentary review,4-Certification finished,Contracted,2025-10-31,2025-12-05,2025-12-09,2025-12-09,JOIE Alexis,PME+,2025-12-09
2022,21952,CONFISERIE DU ROY RENE SAS,62162092100026,1132680,Annual inspection,4-Certification finished,Contracted,2022-09-30,2022-12-16,2022-12-21,2022-12-21,HUSSON Sophie,PME+,2023-02-03
2025,179931,CSD - Commerce Service Distribution,40278304700036,1617096,Renewal audit,4-Certification finished,Contracted,2025-11-30,2025-11-18,2025-11-18,2025-11-18,BELLEAU Lucas,PME+,2026-01-05
2023,258017,LABORATOIRES DERMOSUN,53053214200037,1388605,Documentary review,4-Certification finished,Contracted,2023-04-30,2023-05-26,2023-05-26,2023-05-26,MENNETRET Laurent,PME+,2023-05-26
2025,84593,Charcuterie PIERRE SCHMIDT,63850041300049,1617026,Additional inspection,4-Certification finished,Contracted,2025-06-30,2025-09-03,2025-09-09,2025-09-09,SIMON Elisa,PME+,2025-09-18
2025,24664,PAGES SAS,34159403400017,1617436,Documentary review,4-Certification finished,Contracted,2025-09-30,2025-10-15,2025-11-25,2025-11-25,JOIE Alexis,PME+,2025-12-26
2025,253758,Natur'opéra,84954105700022,1762493,Renewal audit,4-Certification finished,Contracted,2025-08-31,2025-08-21,2025-08-20,2025-08-21,PETIT Doriane,PME+,2025-10-07
2026,102352,SPH GERARD BERTRAND SITE EMBOUTEILLAGE NARBONNE,38233895200056,1875512,Additional inspection,2-Inspection order accepted,Not contracted,2026-04-30,2026-06-04,,,RIVIERE Madline,PME+,
2025,20636,BOEHLI SAS,41523042400020,1617028,Renewal audit,4-Certification finished,Contracted,2025-06-30,2025-06-03,2025-06-02,2025-06-03,FORNEZZO Nathalie,PME+,2025-07-04
2026,321474,CAFES LE BONIFIEUR,37926939200021,1908150,Initial inspection,2-Inspector's Infoportal,Contracted,2026-06-30,2026-06-11,,,TOUBOUL Julien,PME+,
2025,313350,Natur'Opéra,90030139100026,1763511,Additional inspection,4-Certification finished,Not contracted,2025-08-31,2025-08-25,2025-08-25,2025-08-25,MENNETRET Laurent,PME+,2025-10-07
2024,156929,HOLLEA SARL,80524372200016,1546779,Documentary review,4-Certification finished,Contracted,2024-02-29,2024-03-14,2024-02-27,2024-02-27,MEYER Iman,PME+,2024-02-27
2025,300767,Crystal,48511501800023,1617077,Additional inspection,4-Certification finished,Not contracted,2025-10-31,2025-11-19,2025-11-19,2025-11-19,MENNETRET Laurent,PME+,2026-01-05
2024,63578,MULOT ET PETITJEAN SA,01575153000013,1546847,Annual inspection,4-Certification finished,Contracted,2024-06-30,2024-08-23,2024-08-22,2024-08-23,BRONDEX Elodie,PME+,2024-09-12
2024,84630,TWF,35405912300019,1546811,Documentary review,4-Certification finished,Contracted,2024-05-31,2024-06-30,2024-07-26,2024-07-26,TABARY Thibaut,PME+,2024-07-29
2023,84567,LES APICULTEURS ASSOCIÉS,39973186800010,1381429,Documentary review,4-Certification finished,Contracted,2023-10-31,2023-10-31,2023-11-08,2023-11-08,MOULIN Clement,PME+,2023-11-08
2024,183726,GREEN FAMILY,52977758300046,1546857,Annual inspection,4-Certification finished,Contracted,2024-05-31,2024-05-31,2024-05-31,2024-05-31,MEYER Iman,PME+,2024-07-22
2022,20307,CREPERIE  JARNOUX,38092733500030,1132828,Documentary review,4-Certification finished,Contracted,2022-07-31,2023-01-31,2023-01-27,2023-01-27,NEBILI Nora,PME+,2023-02-01
2026,21320,LAITERIE ST DENIS DE L'HOTEL - LSDH,8558149400029,,Additional inspection,1-Inspection order created,Contracted,2026-11-30,,,,MENNETRET Laurent,PME+,
2025,117404,BPA ANGERS SAS,32872594000030,1617093,Documentary review,4-Certification finished,Contracted,2025-11-30,2025-11-17,2025-11-17,2025-11-17,BELLEAU Lucas,PME+,2025-11-18
2024,20220,LOBODIS SAS,34465626900083,1546768,Documentary review,4-Certification finished,Contracted,2024-09-30,2024-09-28,2024-09-16,2024-09-16,SCART Hugo,PME+,2024-09-16
2025,307162,SAS FIERS LMDGE,91357170900025,1736655,Initial inspection,4-Certification finished,Contracted,2025-05-31,2025-05-19,2025-05-19,2025-05-19,SCART Hugo,PME+,2025-05-26
2022,69710,SAINTE LUCIE SAS,57215120700022,1132839,Documentary review,4-Certification finished,Contracted,2022-11-30,2022-11-30,2023-01-03,2023-01-03,MOULIN Clement,PME+,2023-01-03
2024,20117,DELOUIS FILS SAS,30887574900035,1546911,Renewal audit,4-Certification finished,Contracted,2024-06-30,2024-06-06,2024-06-05,2024-06-06,MENNETRET Laurent,PME+,2024-07-09
2025,62762,LES JARDINS DE L'ORBRIE SAS,43523314300039,1617016,Renewal audit,4-Certification finished,Contracted,2025-10-31,2025-11-04,2025-11-04,2025-11-05,VIGNAUD Margaux,PME+,2025-12-01
2025,84462,ALTHO,39772959100024,1724652,Annual inspection,4-Certification finished,Not contracted,2025-11-30,2025-12-16,2025-12-16,2025-12-17,AUBERT Lorraine,PME+,2025-12-19
2022,104049,ST HUBERT,,1132367,Renewal audit,4-Certification finished,Contracted,2022-07-31,2022-11-30,2022-11-29,2022-12-01,FORNEZZO Nathalie,PME+,2023-01-17
2026,63679,ECOIDEES SAS,48072573800037,1875332,Documentary review,4-Certification finished,Contracted,2026-05-31,2026-05-16,2026-04-22,2026-04-22,MOULIN Clement,PME+,2026-04-23
2023,23944,FRANCE CAKE TRADITION,38274643600023,1374620,Documentary review,4-Certification finished,Contracted,2023-08-31,2023-08-22,2023-08-22,2023-08-22,MENNETRET Laurent,PME+,2023-08-22
2022,124770,ALTERFOOD,51217542300015,1264566,Annual inspection,4-Certification finished,Contracted,2022-07-31,2022-09-01,2022-09-01,2022-09-01,MATHEY Stéphanie,PME+,2022-12-31
2023,84635,YOOJI,75371892300026,1448127,Documentary review,4-Certification finished,Contracted,,2023-11-15,2023-11-16,2023-11-16,MOULIN Clement,PME+,2023-11-16
2025,233854,UPCS (Groupe DEBROAS),41265481600021,1617218,Renewal audit,4-Certification finished,Contracted,2025-10-31,2025-11-10,2025-11-12,2025-11-13,MOSCA Audrey,PME+,2025-11-27
2022,84578,MIEL CRETET,48304492100011,1132356,Renewal audit,4-Certification finished,Contracted,2022-11-30,2022-10-11,2022-10-11,2022-10-11,BOUTON Chloe,PME+,2022-11-02
2025,84514,DRAGEES REYNAUD,31533534900017,1617510,Renewal audit,4-Certification finished,Contracted,2025-09-30,2025-09-15,2025-09-15,2025-09-15,CUSTOJA Marie,PME+,2025-10-02
2022,21320,LAITERIE ST DENIS DE L'HOTEL - LSDH,8558149400029,1212354,Renewal audit,4-Certification finished,Contracted,2022-10-31,2022-09-30,2022-09-27,2022-09-30,MATHEY Stéphanie,PME+,2022-12-14
2024,84505,CREA,35020513400025,1604075,Renewal audit,4-Certification finished,Contracted,2024-09-30,2024-12-05,2024-12-04,2024-12-05,SUDAN Severine,PME+,2025-03-04
2024,294422,COMPAGNIE DU BICARBONATE,520082405,1573495,Initial inspection,4-Certification finished,Contracted,2024-07-31,2024-07-23,2024-07-23,2024-07-23,MEYER Iman,PME+,2024-08-29
2024,69710,SAINTE LUCIE SAS,57215120700022,1546852,Documentary review,4-Certification finished,Contracted,2024-11-30,2024-12-22,2024-12-19,2024-12-19,TABARY Thibaut,PME+,2025-01-07
2026,84560,L'ANGELYS,40470198900034,1875586,Renewal audit,2-Inspection order accepted,Contracted,2026-11-30,,,,MAGNAN Céline,PME+,
2026,200481,FUNKIE SAS,82140786300025,1909425,Initial inspection,2-Inspection order accepted,Contracted,2026-07-31,2026-07-29,,,MOULIN Clement,PME+,
2022,84630,TWF,35405912300019,1132811,Documentary review,4-Certification finished,Contracted,2022-06-30,2022-07-26,2022-10-28,2022-10-28,MENNETRET Laurent,PME+,2022-10-28
2025,183726,GREEN FAMILY,52977758300046,1617308,Documentary review,4-Certification finished,Contracted,2025-06-30,2025-05-21,2025-05-21,2025-05-21,BUTTIGIEG Karine,PME+,2025-05-22
2023,224468,CULTURE MIEL ,34329151400036,1374591,Documentary review,4-Certification finished,Contracted,2023-07-31,2023-06-30,2023-08-08,2023-08-08,MOULIN Clement,PME+,2023-08-11
2024,109683,GABRIEL COULET SA,92618003500012,1545808,Renewal audit,4-Certification finished,Contracted,2024-12-31,2024-12-10,2024-12-10,2024-12-11,RIVIERE Madline,PME+,2025-01-09
2025,84503,CORSICA GASTRONOMIA,37967510100024,1617362,Renewal audit,4-Certification finished,Contracted,2025-09-30,2025-09-24,2025-09-23,2025-09-24,MENNETRET Laurent,PME+,2025-10-31
2022,84503,CORSICA GASTRONOMIA,37967510100024,1132802,Documentary review,4-Certification finished,Contracted,2022-07-31,2022-06-30,2022-11-16,2022-11-16,SCART Hugo,PME+,2022-11-16
2023,26880,VITANUTRITION SAS,49801422400014,1437274,Additional inspection,4-Certification finished,Contracted,2023-12-31,2023-12-04,2023-12-06,2023-12-07,DE BELLABRE Maïka,PME+,2023-12-15
2022,207016,FIMCO,,1132814,Documentary review,4-Certification finished,Contracted,2022-07-31,2022-11-15,2023-01-12,2023-01-12,JOIE Alexis,PME+,2023-01-12
2022,20142,NATURGIE SAS,38348790700024,1241673,Documentary review,4-Certification finished,Contracted,2022-07-31,2022-09-07,2022-09-07,2022-09-07,MENNETRET Laurent,PME+,2022-09-07
2025,84621,SOMAPRO,33518515300012,1617102,Renewal audit,4-Certification finished,Contracted,2025-11-30,2025-11-27,2025-11-26,2025-11-27,BELLEAU Lucas,PME+,2025-12-11
2026,20615,LES SALINES DE GUERANDE,34924131500010,1875363,Documentary review,2-Inspector's Infoportal,Contracted,2026-12-31,,,,JOIE Alexis,PME+,
2026,24664,PAGES SAS,34159403400017,1875604,Renewal audit,2-Inspection order accepted,Contracted,2026-09-30,2026-09-17,,,MOSCA Audrey,PME+,
2026,253758,Natur'opéra,84954105700022,1875261,Annual inspection,2-Inspection order accepted,Contracted,2026-07-31,,,,PETIT Doriane,PME+,
2023,281345,Collectif AEB services,89841681300019,1439729,Renewal audit,4-Certification finished,Contracted,2023-06-30,2023-11-29,2023-11-28,2023-11-29,PROUST Marilyne,PME+,2024-02-15
2022,84619,SILL,63622022000017,1132662,Annual inspection,4-Certification finished,Contracted,2022-12-31,2022-12-06,2022-12-06,2022-12-07,MONVOISIN Louis,PME+,2023-02-21
2026,49099,FROMAGERIE MILLERET SA,42625002300014,1875412,Annual inspection,2-Inspection order accepted,Contracted,2026-11-30,,,,SIMON Elisa,PME+,
2022,267855,FDG group,49343990500032,1259756,Initial inspection,4-Certification finished,Contracted,,2022-09-02,2022-08-31,2022-09-02,MENNETRET Laurent,PME+,2023-03-17
2026,84595,PMC LINGERIE,44461097600011,1875380,Documentary review,2-Inspection order accepted,Contracted,2026-04-30,2026-06-20,,,JOIE Alexis,PME+,
2026,80371,FRESH FOOD VILLAGE,38791777600107,1875571,Renewal audit,2-Inspector's Infoportal,Contracted,2026-10-31,,,,BELLEAU Lucas,PME+,
2022,156929,HOLLEA SARL,80524372200016,1264796,Initial inspection,1-Inspection order created,Not contracted,2023-02-28,,,,,PME+,
2024,30150,RAIFALSA-ALELOR SAS,41452729100036,1546758,Documentary review,4-Certification finished,Contracted,2025-01-31,2025-01-24,2025-01-27,2025-01-27,TABARY Thibaut,PME+,2025-01-27
2023,253441,SALAISONS DE ST SAUVEUR,50043831200026,1374418,Annual inspection,4-Certification finished,Contracted,2024-01-31,2024-01-17,2024-01-17,2024-01-17,DE BELLABRE Maïka,PME+,2024-01-29
2024,84567,LES APICULTEURS ASSOCIÉS,39973186800010,1546918,Renewal audit,4-Certification finished,Contracted,2024-10-31,2024-11-05,2024-11-05,2024-11-05,BRONDEX Elodie,PME+,2024-12-13
2022,166668,FUNKY VEGGIE,82140786300025,1234893,Initial inspection,4-Certification finished,Contracted,2022-07-31,2022-07-22,2022-07-22,2022-07-22,MATHEY Stéphanie,PME+,2022-09-15
2025,84515,EMINENCE,35016912400020,1752720,Renewal audit,4-Certification finished,Contracted,2025-09-30,2025-09-30,2025-09-30,2025-10-02,VIDAL Marine,PME+,2025-11-27
2022,63056,POULIQUEN SAS,83964261800020,1213284,Initial inspection,4-Certification finished,Contracted,2022-03-31,2022-03-31,2022-03-31,2022-03-31,MILIN Francois,PME+,2022-05-23
2023,63056,POULIQUEN SAS,83964261800020,1374607,Documentary review,4-Certification finished,Contracted,2023-02-28,2023-03-08,2023-03-08,2023-03-08,MOULIN Clement,PME+,2023-03-08
2023,85286,HIRUAK,30055861600011,1374400,Annual inspection,4-Certification finished,Contracted,2023-09-30,2023-10-10,2023-10-10,2023-10-10,GENTHIEU-ELIE Valentine,PME+,2023-10-31
2025,64142,SPH GERARD BERTRAND  - SITE PRINCIPAL,38233895200015,1735511,Renewal audit,4-Certification finished,Contracted,2025-04-30,2025-04-17,2025-04-15,2025-04-17,RIVIERE Madline,PME+,2025-06-06
2023,274849,GROUPE FRANCAISE DE  GASTRONOMIE,49355563500017,1371307,Initial inspection,4-Certification finished,Contracted,2023-02-28,2023-02-24,2023-02-23,2023-02-24,RIVIERE Madline,PME+,2023-04-20
2026,20636,BOEHLI SAS,41523042400020,1875304,Documentary review,2-Inspection order accepted,Contracted,2026-06-30,2026-06-29,,,MOULIN Clement,PME+,
2024,205075,BONBEC SHOW sas,44978663100019,1546813,Documentary review,4-Certification finished,Contracted,2024-12-31,2024-12-15,2024-11-26,2024-11-26,TABARY Thibaut,PME+,2024-12-11
2026,205075,BONBEC SHOW sas,44978663100019,1875360,Documentary review,2-Inspection order accepted,Contracted,2026-12-31,,,,PAINVIN Margaux,PME+,
2024,212983,LES GOUTS DU SUD   SAS,47924424600019,1546878,Annual inspection,4-Certification finished,Contracted,2024-03-31,2024-03-22,2024-03-21,2024-03-22,RIVIERE Madline,PME+,2024-05-06
2024,84562,LARZUL,77545321000046,1546802,Documentary review,4-Certification finished,Contracted,2024-06-30,2024-06-30,2024-06-12,2024-06-12,MOULIN Clement,PME+,2024-06-12
2024,283951,LE GRENIER DES GASTRONOMES,50989657700012,1546925,Documentary review,4-Certification finished,Contracted,2024-10-31,2024-11-14,2024-10-29,2024-10-30,TABARY Thibaut,PME+,2024-11-04
2023,212983,LES GOUTS DU SUD   SAS,47924424600019,1388478,Documentary review,4-Certification finished,Contracted,2023-03-15,2023-03-13,2023-03-16,2023-03-16,MOULIN Clement,PME+,2023-03-20
2025,185055,BRASSERIE METEOR SA,59850064300013,1617029,Renewal audit,4-Certification finished,Contracted,2025-09-30,2025-05-20,2025-05-19,2025-05-20,DENIS Coralie,PME+,2025-06-03
2023,84592,PERRIN VERMOT,30647461000020,1389497,Annual inspection,4-Certification finished,Contracted,2023-10-31,2023-10-03,2023-10-03,2023-10-03,SIMON Elisa,PME+,2024-02-19
2022,84592,PERRIN VERMOT,30647461000020,1258500,Documentary review,4-Certification finished,Contracted,2022-07-31,2022-10-14,2022-10-14,2022-10-14,MENNETRET Laurent,PME+,2022-10-14
2024,114465,BIO FERME SAS,41026927800017,1615247,Additional inspection,4-Certification finished,Not contracted,2024-12-31,2024-12-18,2024-12-18,2024-12-18,LAINE Gregoire,PME+,2024-12-19
2025,84574,BISCUITS FOSSIER,37826992200050,1617309,Documentary review,4-Certification finished,Contracted,2025-04-30,2025-05-05,2025-05-05,2025-05-05,JOIE Alexis,PME+,2025-05-06
2024,192231,GROUPE LE GRAET,38466458700035,1570954,Annual inspection,4-Certification finished,Contracted,2024-09-30,2024-09-20,2024-09-19,2024-09-20,MILIN Francois,PME+,2024-11-05
2024,82354,MARO-OCEANS,34184205200027,1605776,Initial inspection,4-Certification finished,Contracted,2024-11-30,2024-11-12,2024-11-12,2024-11-13,NOURY Pierre-Alexandre,PME+,2025-01-28
2023,229450,CONSERVERIE GONIDEC,37598007500028,1374593,Documentary review,4-Certification finished,Contracted,2023-10-31,2023-11-06,2023-12-22,2023-12-22,MENNETRET Laurent,PME+,2023-12-22
2024,20228,LES METS DE PROVENCE,32177464800026,1546835,Renewal audit,4-Certification finished,Contracted,2024-04-30,2024-04-22,2024-04-22,2024-04-22,HUSSON Sophie,PME+,2024-09-27
2023,216435,COOKIE CREATIONS,34061091400038,1348324,Initial inspection,4-Certification finished,Contracted,2023-01-31,2023-01-06,2023-01-05,2023-01-06,MENNETRET Laurent,PME+,2023-01-13
2025,254059,FROMAGERIE LINCET,95750287000021,1617538,Annual inspection,4-Certification finished,Contracted,2025-03-31,2025-03-13,2025-03-11,2025-03-13,BRONDEX Elodie,PME+,2025-03-24
2025,253436,MAINJOLLE,41011163700055,1617522,Documentary review,4-Certification finished,Contracted,2025-04-30,2025-04-01,2025-03-28,2025-03-28,BUTTIGIEG Karine,PME+,2025-04-02
2024,84480,BRIOCHES FONTENEAU,32810477300010,1546861,Annual inspection,4-Certification finished,Contracted,2024-11-30,2024-11-26,2024-11-25,2024-11-26,SCART Hugo,PME+,2025-01-07
2026,142578,PATRELLE SAS,38472660000024,1875377,Documentary review,2-Inspector's Infoportal,Contracted,2026-10-31,,,,JOIE Alexis,PME+,
2026,221097,LECHEF,80976041600010,1875587,Renewal audit,2-Inspector's Infoportal,Contracted,2026-09-30,,,,TOUBOUL Julien,PME+,
2024,24664,PAGES SAS,34159403400017,1545838,Annual inspection,4-Certification finished,Contracted,2024-09-30,2024-10-25,2024-10-24,2024-10-25,MOSCA Audrey,PME+,2024-11-13
2026,138024,ALPES BISCUITS,38219585700026,1875260,Documentary review,2-Inspection order accepted,Contracted,2026-06-30,,,,JOIE Alexis,PME+,
2023,20022,BALARAMA SAS,80968125700014,1374556,Documentary review,4-Certification finished,Contracted,2023-07-31,2023-08-04,2023-08-21,2023-08-21,MENNETRET Laurent,PME+,2023-08-21
2026,166500,CHICHE   SAS,82106484700030,1875313,Documentary review,2-Inspection order accepted,Contracted,2026-06-30,2026-07-16,,,JOIE Alexis,PME+,
2026,312510,EAUX DE MONT ROUCOUS SAS,30489141900026,1875331,Documentary review,2-Inspector's Infoportal,Contracted,2026-10-31,,,,BELLEAU Lucas,PME+,
2023,150532,BISCUITERIE FINE DE FRANCE,34954336300023,1374368,Annual inspection,4-Certification finished,Contracted,2023-07-31,2023-07-27,2023-07-27,2023-07-27,TABARY Thibaut,PME+,2023-09-01
2025,84562,LARZUL,77545321000046,1617230,Renewal audit,4-Certification finished,Contracted,2025-06-30,2025-06-26,2025-06-26,2025-06-27,MILIN Francois,PME+,2025-07-18
2025,121132,HYGIENE ET NATURE,1715010300046,1761102,Renewal audit,4-Certification finished,Contracted,2025-10-31,2025-12-17,2025-12-17,2025-12-18,BRONDEX Elodie,PME+,2026-01-13
2025,156929,HOLLEA SARL,80524372200016,1719222,Renewal audit,4-Certification finished,Contracted,2025-02-28,2025-02-20,2025-02-20,2025-02-20,HUSSON Sophie,PME+,2025-04-04
2023,84549,IDEAL,97150286900037,1374387,Annual inspection,4-Certification finished,Contracted,2023-07-31,2023-07-19,2023-07-18,2023-07-19,JOIE Alexis,PME+,2023-08-21
2025,203932,CSP Paris Fashion Group,41031726700038,1617312,Documentary review,4-Certification finished,Contracted,2025-10-31,2025-11-01,2025-10-17,2025-10-17,PAINVIN Margaux,PME+,2025-10-20
2026,284388,Patisserie Beurlay,42969802000014,1875376,Documentary review,2-Inspector's Infoportal,Contracted,2026-10-31,,,,MENNETRET Laurent,PME+,
2023,223878,ICI&LA,,1374590,Documentary review,4-Certification finished,Contracted,2023-05-31,2023-06-15,2023-06-19,2023-06-19,DE MEDTS Emilie,PME+,2023-06-19
2026,160665,CACOLAC SAS,45620239900048,1875311,Documentary review,2-Inspection order accepted,Contracted,2026-06-30,2026-07-06,,,JOIE Alexis,PME+,
2022,207090,Roches Blanches,53303039100015,1132815,Documentary review,4-Certification finished,Not contracted,2022-11-30,2022-10-21,2022-10-21,2022-10-21,MENNETRET Laurent,PME+,2022-10-21
2024,49099,FROMAGERIE MILLERET SA,42625002300014,1573884,Documentary review,4-Certification finished,Contracted,2024-11-30,2024-10-25,2024-11-20,2024-11-20,TABARY Thibaut,PME+,2024-11-21
2023,283951,LE GRENIER DES GASTRONOMES,50989657700012,1431146,Initial inspection,4-Certification finished,Contracted,2023-11-30,2023-11-03,2023-11-02,2023-11-03,MENNETRET Laurent,PME+,2023-11-27
2024,121132,HYGIENE ET NATURE,1715010300046,1546759,Documentary review,4-Certification finished,Contracted,2024-10-31,2024-11-25,2024-11-29,2024-11-29,TABARY Thibaut,PME+,2024-12-11
2025,84549,IDEAL,97150286900037,1741431,Renewal audit,4-Certification finished,Contracted,2025-06-30,2025-05-28,2025-05-27,2025-05-28,VIDAL Marine,PME+,2025-06-24
2026,300764,CRYSTAL ,48511501800015,1875500,Additional inspection,2-Inspection order accepted,Not contracted,2026-11-30,,,,PETIT Doriane,PME+,
2026,114616,AGROBIOTHERS LABORATOIRE SA,30322950400020,1875537,Renewal audit,4-Certification finished,Contracted,2026-04-30,2026-04-29,2026-04-29,2026-04-30,BRONDEX Elodie,PME+,2026-05-29
2023,30150,RAIFALSA-ALELOR SAS,41452729100036,1374350,Annual inspection,4-Certification finished,Contracted,2023-10-20,2023-10-09,2023-10-09,2023-10-09,DENIS Coralie,PME+,2023-12-14
2024,253441,SALAISONS DE ST SAUVEUR,50043831200026,1546827,Documentary review,4-Certification finished,Contracted,2024-11-30,2024-12-15,2024-11-28,2024-11-28,TABARY Thibaut,PME+,2024-11-28
2023,128719,FAMILLE AMIRAULT GROSBOIS SAS,51049325700016,1374353,Annual inspection,4-Certification finished,Contracted,2023-10-31,2023-11-30,2023-11-29,2023-11-30,MATHEY Stéphanie,PME+,2024-02-23
2026,67846,ETHIQUABLE,44916448200027,1875567,Renewal audit,2-Inspection order accepted,Contracted,2026-11-30,,,,CONVERT Mélissa,PME+,
2024,298993,CONSERVERIE DU SUD,30491543200021,1593578,Initial inspection,4-Certification finished,Contracted,2024-10-31,2024-10-11,2024-10-14,2024-10-14,HUE Clotilde,PME+,2024-11-08
2023,84515,EMINENCE,35016912400020,1403231,Renewal audit,4-Certification finished,Contracted,2023-09-30,2023-09-04,2023-09-04,2023-09-06,HUSSON Sophie,PME+,2023-10-12
2024,2598,LES COTEAUX NANTAIS SAS,35142103700018,1546749,Documentary review,4-Certification finished,Contracted,2024-05-31,2024-08-07,2024-08-06,2024-08-06,JOIE Alexis,PME+,2024-08-28
2026,224915,CHARLES & ALICE,34768107400063,1875408,Annual inspection,2-Inspector's Infoportal,Contracted,2026-09-30,,,,SUDAN Severine,PME+,
2026,306025,PARFUMS CORANIA,45103226200029,1875375,Documentary review,2-Inspection order accepted,Contracted,2026-04-30,2026-06-22,,,JOIE Alexis,PME+,
2026,129497,APIHA ,42488126600086,1875543,Renewal audit,2-Inspector's Infoportal,Contracted,2026-09-30,,,,MENNETRET Laurent,PME+,
2024,21320,LAITERIE ST DENIS DE L'HOTEL - LSDH,8558149400029,1545866,Renewal audit,4-Certification finished,Contracted,2025-02-28,2025-03-25,2025-03-19,2025-03-25,MENNETRET Laurent,PME+,2025-04-29
2024,84593,Charcuterie PIERRE SCHMIDT,63850041300049,1567361,Additional inspection,4-Certification finished,Contracted,2024-06-30,2024-06-14,2024-06-13,2024-06-14,DENIS Coralie,PME+,2024-06-21
2025,20220,LOBODIS SAS,34465626900083,1617139,Renewal audit,4-Certification finished,Contracted,2025-09-30,2025-10-27,2025-10-27,2025-10-27,NOURY Pierre-Alexandre,PME+,2025-11-03
2026,270071,VINS JEAN LOUIS PARSAT SAS,35333323000012,1875622,Renewal audit,2-Inspector's Infoportal,Contracted,2026-11-30,,,,TOUBOUL Julien,PME+,
2026,297400,CONFIT DE PROVENCE,31968932900021,1875561,Renewal audit,2-Inspector's Infoportal,Contracted,2026-09-30,,,,RIVIERE Madline,PME+,
2026,185055,BRASSERIE METEOR SA,59850064300013,1875310,Documentary review,2-Inspection order accepted,Contracted,2026-09-30,,,,MOULIN Clement,PME+,
2025,84632,VALFLEURI,91552062100052,1876139,Documentary review,4-Certification finished,Contracted,2025-11-30,2025-12-12,2025-12-12,2025-12-12,PAINVIN Margaux,PME+,2025-12-12
2024,85286,HIRUAK,30055861600011,1546812,Documentary review,4-Certification finished,Contracted,2024-09-30,2024-09-06,2024-08-06,2024-08-06,TABARY Thibaut,PME+,2024-08-08
2022,42951,CHICOREE DU NORD SARL,33383300200012,1248110,Initial inspection,4-Certification finished,Contracted,2022-07-31,2022-07-26,2022-07-26,2022-07-26,SCART Hugo,PME+,2022-12-02
2025,308516,VNM,34446504200036,1741774,Initial inspection,4-Certification finished,Contracted,2025-07-31,2025-06-05,2025-06-05,2025-06-05,RIVIERE Madline,PME+,2025-07-25
2025,163760,TRUFFIERES DE RABASSE,40476584400026,1617450,Renewal audit,4-Certification finished,Contracted,2026-03-31,2026-02-03,2026-02-03,2026-02-03,JOIE Alexis,PME+,2026-04-07
2025,211432,"COLOR FOODS - SUN, LA FAVORITE",40770460000029,1617428,Documentary review,4-Certification finished,Contracted,2025-06-30,2025-09-04,2025-09-04,2025-09-04,MENNETRET Laurent,PME+,2025-09-04
2025,294748,BY WOMEN COMPANY,84502116100011,1617317,Documentary review,4-Certification finished,Contracted,2025-06-30,2025-06-20,2025-06-20,2025-06-20,BUTTIGIEG Karine,PME+,2025-06-20
2025,142578,PATRELLE SAS,38472660000024,1760339,Initial inspection,4-Certification finished,Contracted,2025-10-31,2025-10-21,2025-10-21,2025-10-21,BELLEAU Lucas,PME+,2025-11-14
2024,119320,LA COMPAGNIE DU BISCUIT SAS,45520300000019,1582358,Additional inspection,4-Certification finished,Not contracted,2024-11-30,2024-11-22,2024-11-22,2024-11-22,CONVERT Mélissa,PME+,2025-02-03
2022,179931,CSD - Commerce Service Distribution,40278304700036,1132800,Documentary review,4-Certification finished,Contracted,2022-09-30,2023-01-31,2023-02-16,2023-02-16,MENNETRET Laurent,PME+,2023-02-16
2022,84547,HEIMBURGER,41047202100014,1218075,Renewal audit,4-Certification finished,Contracted,2022-11-30,2023-02-08,2023-02-07,2023-02-08,BRONDEX Elodie,PME+,2023-03-10
2024,300662,AMALRIC,53844948900045,1602977,Initial inspection,4-Certification finished,Contracted,2024-10-31,2024-11-29,2024-11-28,2024-11-29,SCART Hugo,PME+,2024-12-23
2022,205075,BONBEC SHOW sas,44978663100019,1132813,Documentary review,4-Certification finished,Contracted,2022-01-31,2022-04-30,2022-10-03,2022-10-03,MENNETRET Laurent,PME+,2022-10-03
2022,150532,BISCUITERIE FINE DE FRANCE,34954336300023,1246111,Documentary review,4-Certification finished,Contracted,2022-07-31,2022-12-23,2022-12-15,2022-12-15,MENNETRET Laurent,PME+,2022-12-15
2025,139041,ETS PIERRE BOURRE SAS,06820068200018,1617189,Documentary review,4-Certification finished,Contracted,2025-11-30,2025-11-28,2025-11-26,2025-11-26,MOULIN Clement,PME+,2025-12-19
2023,107321,GROUPE FRANCAISE DE GASTRONOMIE,55850337100137,1432983,Additional inspection,4-Certification finished,Not contracted,2023-07-31,2023-06-28,2023-06-28,2023-06-28,SIMON Elisa,PME+,2023-09-21
2026,84588,ODNV,37748122100044,1875603,Renewal audit,2-Inspection order accepted,Contracted,2026-09-30,,,,DUVAL Anaïs,PME+,
2025,62851,BISCUITS BOUVARD SAS,75720010000027,1617216,Renewal audit,4-Certification finished,Contracted,2025-10-31,2025-11-13,2025-10-27,2025-10-30,MOSCA Audrey,PME+,2025-12-16
2022,84548,HUILE CAUVIN,33258749200023,1132806,Documentary review,4-Certification finished,Contracted,2022-07-31,2022-08-12,2022-09-29,2022-09-29,MOULIN Clement,PME+,2022-09-30
2024,211432,"COLOR FOODS - SUN, LA FAVORITE",40770460000029,1546877,Annual inspection,4-Certification finished,Contracted,2024-06-30,2024-06-13,2024-06-11,2024-06-12,HUSSON Sophie,PME+,2024-07-29
2026,229450,CONSERVERIE GONIDEC,37598007500028,1875563,Renewal audit,2-Inspector's Infoportal,Contracted,2026-10-31,,,,DANGY Antoine,PME+,
2026,167739,OCCITANE PLATS CUISINES SAS,80378260600021,1875374,Documentary review,2-Inspection order accepted,Contracted,2026-07-31,,,,MOULIN Clement,PME+,
2022,227053,GROUPE ROUTHIAU,,1263661,Annual inspection,4-Certification finished,Contracted,2023-02-28,2023-03-01,2023-02-27,2023-03-01,MENNETRET Laurent,PME+,2023-04-12
2022,24664,PAGES SAS,34159403400017,1199766,Initial inspection,4-Certification finished,Contracted,2022-09-30,2022-09-14,2022-09-13,2022-09-14,JOIE Alexis,PME+,2022-10-10
2026,20220,LOBODIS SAS,34465626900083,1875364,Documentary review,2-Inspection order accepted,Contracted,2026-09-30,2026-10-08,,,PAINVIN Margaux,PME+,
2024,291403,LES NOUVELLES PAILLES,88359637100012,1557452,Initial inspection,4-Certification finished,Contracted,2024-02-29,2024-02-12,2024-02-12,2024-02-12,MEYER Iman,PME+,2024-03-08
2023,131192,LABORATOIRE FRANCE BEBE NUTRITION,39956993800026,1417669,Documentary review,4-Certification finished,Contracted,2023-07-31,2023-07-26,2023-07-26,2023-07-26,JOIE Alexis,PME+,2023-07-26
2022,128719,FAMILLE AMIRAULT GROSBOIS SAS,51049325700016,1255664,Documentary review,4-Certification finished,Contracted,2022-11-30,2023-01-09,2022-12-19,2022-12-19,MOULIN Clement,PME+,2022-12-19
2023,124770,ALTERFOOD,51217542300015,1374564,Documentary review,4-Certification finished,Contracted,2023-06-30,2023-10-06,2023-10-17,2023-10-17,SCART Hugo,PME+,2023-10-17
2025,67846,ETHIQUABLE,44916448200027,1617520,Documentary review,4-Certification finished,Contracted,2025-11-30,2025-11-06,2025-11-20,2025-11-21,BUTTIGIEG Karine,PME+,2025-11-24
2023,24054,BRASSERIE DUYCK SAS,40116220100024,1374563,Documentary review,4-Certification finished,Contracted,2023-02-28,2023-04-24,2023-04-24,2023-04-24,MOULIN Clement,PME+,2023-04-24
2025,84635,YOOJI,75371892300026,1617311,Documentary review,4-Certification finished,Contracted,2025-11-30,2025-11-14,2025-11-04,2025-11-04,BELLEAU Lucas,PME+,2025-11-24
2025,312541,RIGA SAS,88548029300079,1759770,Initial inspection,4-Certification finished,Contracted,2025-09-30,2025-09-17,2025-09-16,2025-09-17,TOUBOUL Julien,PME+,2025-10-20
2024,50597,ALPHA NUTRITION SARL,45015773000026,1558368,Annual inspection,4-Certification finished,Contracted,2024-12-31,2024-12-11,2024-12-11,2024-12-11,MOSCA Audrey,PME+,2025-02-25
2026,84507,CROC FRAIS,41954485300049,1875322,Documentary review,2-Inspection order accepted,Contracted,2026-11-30,,,,MOULIN Clement,PME+,
2022,66354,FRUITS ROUGES & CO SAS,37897020600025,1242374,Documentary review,4-Certification finished,Contracted,2022-06-30,2022-07-28,2022-07-28,2022-07-28,NOURY Pierre-Alexandre,PME+,2022-08-22
2022,127793,AMERICAN DESSERTS,50185556300018,1132799,Documentary review,4-Certification finished,Contracted,2022-11-30,2022-11-30,2023-01-03,2023-01-03,MOULIN Clement,PME+,2023-01-03
2025,114616,AGROBIOTHERS LABORATOIRE SA,30322950400020,1617439,Documentary review,4-Certification finished,Contracted,2025-04-30,2025-06-02,2025-05-12,2025-05-12,JOIE Alexis,PME+,2025-05-20
2023,104049,ST HUBERT,,1374557,Documentary review,4-Certification finished,Contracted,2023-09-30,2023-10-05,2023-10-05,2023-10-05,DE MEDTS Emilie,PME+,2023-10-06
2023,84632,VALFLEURI,91552062100052,1374579,Documentary review,4-Certification finished,Contracted,2023-09-30,2023-10-31,2023-10-03,2023-10-03,MOULIN Clement,PME+,2023-10-04
2023,163760,TRUFFIERES DE RABASSE,40476584400026,1448347,Renewal audit,4-Certification finished,Contracted,2023-12-31,2023-12-21,2023-12-21,2023-12-21,HUSSON Sophie,PME+,2024-09-27
2026,25356,SABAROT WASSNER,58575081300040,1875611,Renewal audit,4-Certification finished,Contracted,2026-05-31,2026-05-21,2026-05-20,2026-05-21,RIVIERE Madline,PME+,2026-06-03
2025,129497,APIHA ,42488126600086,1617188,Documentary review,4-Certification finished,Contracted,2025-09-30,2025-09-04,2025-09-04,2025-09-04,MOULIN Clement,PME+,2025-09-23
2025,274849,GROUPE FRANCAISE DE  GASTRONOMIE,49355563500017,1762702,Additional inspection,4-Certification finished,Not contracted,2025-10-31,2025-10-21,2025-10-21,2025-10-21,RIVIERE Madline,PME+,2025-11-03
2025,20103,COMPAGNIE MEDITERRANEENNE DES CAFES MALONGO - CMC,95580206100106,1617442,Renewal audit,4-Certification finished,Contracted,2025-09-30,2025-11-19,2025-11-18,2025-11-19,JOIE Alexis,PME+,2026-02-23
2026,84510,DE CLERMONT,42143784900019,1875326,Documentary review,2-Inspector's Infoportal,Contracted,2026-12-31,,,,JOIE Alexis,PME+,
2025,189053,CONSERVERIE AU BEC FIN   SAS,38307362400033,1617509,Renewal audit,4-Certification finished,Contracted,2025-03-31,2025-03-26,2025-03-26,2025-03-26,JOIE Alexis,PME+,2025-04-02
2026,36293,CHARCUTERIE DU BLAVET,42169149400023,1875554,Renewal audit,2-Inspector's Infoportal,Contracted,2026-11-30,,,,DANGY Antoine,PME+,
2024,265493,CHARCUTERIE CAMILLE CROS,32379068300037,1546896,Annual inspection,4-Certification finished,Contracted,2024-07-31,2024-07-11,2024-07-11,2024-07-11,DE BELLABRE Maïka,PME+,2024-08-08
2023,21095,VITAGERMINE,77558681100132,1388317,Annual inspection,4-Certification finished,Contracted,2023-12-31,2023-12-04,2023-12-04,2023-12-05,DE BELLABRE Maïka,PME+,2023-12-15
2026,229581,FERME DE LA MOTTE ,42433296300018,1875336,Documentary review,2-Inspection order accepted,Contracted,2026-11-30,,,,PAINVIN Margaux,PME+,
2023,210570,LA FRANCO ARGENTINE,35309884100029,1374406,Annual inspection,4-Certification finished,Contracted,2023-12-31,2023-12-14,2023-12-14,2023-12-14,MEYER Iman,PME+,2024-01-26
2025,30150,RAIFALSA-ALELOR SAS,41452729100036,1617034,Renewal audit,4-Certification finished,Contracted,2025-09-30,2025-11-25,2025-11-25,2025-11-25,BRONDEX Elodie,PME+,2026-01-15
2024,101860,BIOGROUPE SAS,51880245900041,1593691,Initial inspection,4-Certification finished,Contracted,2024-08-31,2024-08-14,2024-08-13,2024-08-14,MENNETRET Laurent,PME+,2024-09-02
2022,188498,LOC MARIA BISCUITS,48310030100033,1261135,Renewal audit,4-Certification finished,Contracted,2022-11-30,2023-03-20,2023-03-20,2023-03-20,MILIN Francois,PME+,2023-04-17
2022,84505,CREA,35020513400025,1132803,Documentary review,4-Certification finished,Contracted,2022-08-31,2023-05-18,2023-09-04,2023-09-04,JOIE Alexis,PME+,2023-09-12
2026,64142,SPH GERARD BERTRAND  - SITE PRINCIPAL,38233895200015,1875423,Annual inspection,2-Inspection order accepted,Contracted,2026-04-30,2026-06-04,,,RIVIERE Madline,PME+,
2022,184603,PRUNIER  SAS,34905002100022,1132801,Documentary review,4-Certification finished,Contracted,2022-06-30,2022-11-04,2022-10-13,2022-10-13,MENNETRET Laurent,PME+,2022-10-13
2026,156935,SEREALYS SAS,80883569800016,1905455,Initial inspection,4-Certification finished,Contracted,2026-06-30,2026-05-21,2026-05-21,2026-05-21,JOIE Alexis,PME+,2026-06-25
2023,21004,MARIE MORIN FRANCE SAS,33985193300020,1374426,Annual inspection,4-Certification finished,Contracted,2023-09-30,2023-09-21,2023-09-21,2023-09-22,MILIN Francois,PME+,2023-11-17
2026,84515,EMINENCE,35016912400020,1900814,Annual inspection,2-Inspector's Infoportal,Contracted,2026-09-30,,,,SUDAN Severine,PME+,
2026,313712,RIGA SAS ( fabrication ),88548029300103,1911795,Additional inspection,2-Inspector's Infoportal,Not contracted,2026-09-30,,,,BIA Elodie,PME+,
2022,84560,L'ANGELYS,40470198900034,1229514,Renewal audit,4-Certification finished,Contracted,2022-08-31,2022-11-02,2022-11-02,2022-11-02,MAGNAN Céline,PME+,2023-01-09
2026,84631,ULMANN,58210775100031,1875617,Renewal audit,2-Inspector's Infoportal,Contracted,2026-10-31,,,,BELLEAU Lucas,PME+,
2025,297398,GROUPE SAVEURS ET TRADITIONS CONSEIL,52929577600015,1617434,Documentary review,4-Certification finished,Contracted,2025-10-31,2025-11-27,2026-01-14,2026-01-14,BELLEAU Lucas,PME+,2026-02-04
2022,20375,PODER SAS,35302694100024,1132848,Documentary review,4-Certification finished,Contracted,2022-10-31,2022-12-20,2022-12-21,2022-12-21,MENNETRET Laurent,PME+,2022-12-21
2023,185055,BRASSERIE METEOR SA,59850064300013,1405953,Initial inspection,4-Certification finished,Contracted,2023-09-30,2023-09-13,2023-09-13,2023-09-14,DENIS Coralie,PME+,2023-10-11
2026,84632,VALFLEURI,91552062100052,1875620,Renewal audit,2-Inspector's Infoportal,Contracted,2026-10-31,,,,FORNEZZO Nathalie,PME+,
2025,20101,LEROUX SAS,4575081700012,1751565,Renewal audit,4-Certification finished,Contracted,2025-09-30,2025-09-17,2025-09-16,2025-09-17,BIA Elodie,PME+,2025-09-30
2024,116623,DACO FRANCE SA,30048291600032,1546834,Documentary review,4-Certification finished,Contracted,2024-11-30,2024-11-22,2024-11-25,2024-11-25,MENNETRET Laurent,PME+,2024-11-26
2022,210420,ESPROMER,,1132816,Documentary review,4-Certification finished,Contracted,2022-10-31,2023-02-17,2023-02-17,2023-02-17,SCART Hugo,PME+,2023-02-17
2025,47117,GERIAL,31788691900032,1872007,Initial inspection,4-Certification finished,Contracted,2025-10-31,2025-10-30,2025-10-30,2025-10-30,TOUBOUL Julien,PME+,2025-11-18
2024,295030,KROKOLA,88498325500016,1575554,Initial inspection,4-Certification finished,Contracted,2024-06-30,2024-06-18,2024-06-18,2024-06-18,AUBERT Lorraine,PME+,2024-07-11
2026,222274,LES CAFÉS SATI,57850209800010,1897245,Annual inspection,2-Inspector's Infoportal,Contracted,2026-10-31,,,,DENIS Coralie,PME+,
2024,21952,CONFISERIE DU ROY RENE SAS,62162092100026,1546915,Renewal audit,4-Certification finished,Contracted,2024-09-30,2024-06-24,2024-06-24,2024-06-24,AUBERT Lorraine,PME+,2024-07-11
2026,179931,CSD - Commerce Service Distribution,40278304700036,1875323,Documentary review,2-Inspector's Infoportal,Contracted,2026-11-30,,,,BELLEAU Lucas,PME+,
2026,84547,HEIMBURGER,41047202100014,1875580,Renewal audit,2-Inspector's Infoportal,Contracted,2026-12-31,,,,DENIS Coralie,PME+,
2026,289862,CHARCUTERIE VENDEENNE,32295081700013,1875556,Renewal audit,4-Certification finished,Contracted,2026-02-28,2026-02-09,2026-03-09,2026-03-10,MAGNAN Céline,PME+,2026-03-09
2026,107061,ETABLISSEMENTS GIFFARD ET COMPAGNIE SA,5420021700013,1875334,Documentary review,2-Inspector's Infoportal,Contracted,2026-12-31,,,,JOIE Alexis,PME+,
2026,238415,Les chevaliers d'Argouges,38204469100030,1875361,Documentary review,2-Inspection order accepted,Contracted,2026-08-31,,,,BELLEAU Lucas,PME+,
2026,158082,NINKASI DISTILLERIE,53224105600029,1875508,Additional inspection,2-Inspection order accepted,Not contracted,2026-06-30,2026-09-02,,,JOIE Alexis,PME+,
2024,84457,AGRO'NOVAE,33863506300047,1546859,Annual inspection,4-Certification finished,Contracted,2024-10-31,2024-10-31,2024-10-31,2024-10-31,RIVIERE Madline,PME+,2024-12-18
2026,84619,SILL,63622022000017,1875421,Annual inspection,2-Inspection order accepted,Contracted,2026-12-31,,,,DUVAL Anaïs,PME+,
2024,84599,RICA LEWIS,,1546808,Documentary review,4-Certification finished,Contracted,2025-04-17,2025-04-17,2025-03-28,2025-03-28,MENNETRET Laurent,PME+,2025-04-08
2023,66354,FRUITS ROUGES & CO SAS,37897020600025,1374359,Annual inspection,4-Certification finished,Contracted,2023-07-31,2023-07-21,2023-07-18,2023-07-21,PROUST Marilyne,PME+,2023-09-26
2025,20077,BRASSERIE CASTELAIN,31525575200018,1617204,Renewal audit,4-Certification finished,Contracted,2025-06-30,2025-04-25,2025-04-24,2025-04-25,MOULIN Clement,PME+,2025-06-03
2026,20269,NATURE ET ALIMENTS SAS,85580259100021,1875263,Documentary review,2-Inspector's Infoportal,Contracted,2026-09-30,,,,BELLEAU Lucas,PME+,
2026,85286,HIRUAK,30055861600011,1875345,Documentary review,2-Inspection order accepted,Contracted,2026-09-30,,,,BELLEAU Lucas,PME+,
2026,82354,MARO-OCEANS,34184205200027,1875597,Renewal audit,2-Inspector's Infoportal,Contracted,2026-11-30,,,,VIGNAUD Margaux,PME+,
2023,84594,PIZZA DE MANOSQUE,38341491900027,1374392,Annual inspection,4-Certification finished,Contracted,2023-05-31,2023-06-20,2023-06-20,2023-06-20,AUBERT Lorraine,PME+,2023-07-24
2024,188498,LOC MARIA BISCUITS,48310030100033,1546858,Annual inspection,4-Certification finished,Contracted,2024-11-30,2024-12-18,2024-12-16,2024-12-18,SCART Hugo,PME+,2025-01-14
2023,129497,APIHA ,42488126600086,1132794,Documentary review,4-Certification finished,Contracted,2023-09-30,2023-08-27,2023-08-31,2023-08-31,MENNETRET Laurent,PME+,2023-08-31
2024,153817,LA BROSSERIE FRANCAISE,78972600700014,1577335,Documentary review,4-Certification finished,Contracted,2024-08-31,2024-10-14,2024-10-30,2024-10-30,SCART Hugo,PME+,2024-11-13
2024,21568,FAMILLE MICHAUD APICULTEURS SA,77563811700033,1570875,Documentary review,4-Certification finished,Contracted,2024-06-30,2024-06-24,2024-06-24,2024-06-24,DE MEDTS Emilie,PME+,2024-06-24
2022,84509,DANIEL CADIOU,38853243400015,1255654,Documentary review,4-Certification finished,Contracted,2022-10-31,2023-02-10,2023-02-10,2023-02-10,MOULIN Clement,PME+,2023-01-20
2022,67846,ETHIQUABLE,44916448200027,1218077,Annual inspection,4-Certification finished,Contracted,2022-10-31,2022-12-06,2022-12-05,2022-12-06,BRIET Jean-Christophe,PME+,2022-12-15
2026,21095,VITAGERMINE,77558681100132,1875623,Renewal audit,2-Inspector's Infoportal,Contracted,2026-12-31,,,,TOUBOUL Julien,PME+,
2023,84596,SARAPARTICIPATIONS,52859649700016,1387357,Renewal audit,4-Certification finished,Contracted,2023-11-30,2023-11-27,2023-11-27,2023-11-28,SAULNIER Charline,PME+,2023-12-04
2023,84574,BISCUITS FOSSIER,37826992200050,1398175,Documentary review,4-Certification finished,Contracted,2023-04-12,2023-04-12,2023-04-14,2023-04-14,MOULIN Clement,PME+,2023-04-14
2023,60130,DISTRINAT,39331404200051,,Additional inspection,1-Inspection order created,Not contracted,,,,,,PME+,
2024,84503,CORSICA GASTRONOMIA,37967510100024,1546792,Documentary review,4-Certification finished,Contracted,2024-08-31,2024-08-30,2024-08-26,2024-08-27,TABARY Thibaut,PME+,2024-08-27
2022,63438,RIVIERE,34984417500019,1241674,Documentary review,4-Certification finished,Contracted,2022-06-30,2022-06-10,2022-08-18,2022-08-18,MENNETRET Laurent,PME+,2022-08-18
2023,220006,BOYAUDERIE SISTERONNAISE,33425815900014,1440081,Documentary review,4-Certification finished,Contracted,2023-02-28,2023-11-04,2023-11-03,2023-11-03,JOIE Alexis,PME+,2024-10-14
2025,207090,Roches Blanches,53303039100015,1617209,Renewal audit,4-Certification finished,Contracted,2025-10-31,2025-10-01,2025-10-01,2025-10-01,MOULIN Clement,PME+,2025-11-18
2023,50597,ALPHA NUTRITION SARL,45015773000026,1374619,Documentary review,4-Certification finished,Contracted,2023-11-30,2023-11-30,2024-01-10,2024-01-10,MEYER Iman,PME+,2024-01-15
2022,62851,BISCUITS BOUVARD SAS,75720010000027,1227068,Initial inspection,2-Inspector's Infoportal,Contracted,2022-04-30,2022-10-14,,,HUSSON Sophie,PME+,
2026,283951,LE GRENIER DES GASTRONOMES,50989657700012,1875357,Documentary review,2-Inspection order accepted,Contracted,2026-07-31,,,,JOIE Alexis,PME+,
2022,50597,ALPHA NUTRITION SARL,45015773000026,1226606,Annual inspection,4-Certification finished,Contracted,2022-12-31,2022-12-08,2022-12-08,2022-12-09,MOSCA Audrey,PME+,2023-07-03
2022,121132,HYGIENE ET NATURE,1715010300046,1132841,Documentary review,4-Certification finished,Contracted,2022-11-30,2022-11-14,2022-12-05,2022-12-05,MENNETRET Laurent,PME+,2022-12-05
2024,297400,CONFIT DE PROVENCE,31968932900021,1585237,Initial inspection,4-Certification finished,Contracted,2024-08-31,2024-09-02,2024-09-02,2024-09-02,HUSSON Sophie,PME+,2024-10-16
2024,105894,ETS JEAN LOUIS BASSINET SAS,33999052500026,1572097,Initial inspection,4-Certification finished,Contracted,2024-06-30,2024-06-04,2024-06-04,2024-06-04,JOIE Alexis,PME+,2024-07-10
2026,156929,HOLLEA SARL,80524372200016,1875346,Documentary review,4-Certification finished,Contracted,2026-05-31,2026-05-19,2026-05-21,2026-05-21,BELLEAU Lucas,PME+,2026-05-21
2025,250846,ATELIER CORSE FRUITS ET LEGUMES SAS,90003265700026,1750558,Initial inspection,4-Certification finished,Contracted,2025-09-30,2025-09-25,2025-09-24,2025-09-25,MENNETRET Laurent,PME+,2025-10-13
2024,20375,PODER SAS,35302694100024,1546729,Documentary review,4-Certification finished,Contracted,2024-10-31,2024-11-20,2024-11-20,2024-11-20,SCART Hugo,PME+,2024-11-25
2025,84548,HUILE CAUVIN,33258749200023,1617444,Renewal audit,4-Certification finished,Contracted,2025-07-31,2025-09-30,2025-09-29,2025-09-30,JOIE Alexis,PME+,2026-01-23
2022,229063,NUTRIANNE,,1210674,Renewal audit,4-Certification finished,Contracted,2022-02-28,2022-03-03,2022-03-02,2022-03-03,BRONDEX Elodie,PME+,2022-04-20
2023,20269,NATURE ET ALIMENTS SAS,85580259100021,1374456,Annual inspection,4-Certification finished,Contracted,2023-09-30,2023-09-18,2023-09-18,2023-09-19,SAULNIER Charline,PME+,2023-10-23
2022,203932,CSP Paris Fashion Group,41031726700038,1256703,Additional inspection,2-Inspector's Infoportal,Contracted,,2022-10-06,,,HUSSON Sophie,PME+,
2026,321230,BRASSERIE PLORMEL,51322171300037,1907250,Initial inspection,2-Inspector's Infoportal,Contracted,2026-06-30,2026-06-10,,,DANGY Antoine,PME+,
2023,20284,HUILERIE EMILE NOEL SAS,66020113800030,1374610,Documentary review,4-Certification finished,Contracted,2023-02-28,2023-05-10,2023-05-10,2023-05-10,TABARY Thibaut,PME+,2023-05-10
2024,248939,PLANTIN SAS,70692021200018,1558304,Initial inspection,4-Certification finished,Contracted,2024-04-30,2024-06-18,2024-06-17,2024-06-18,JOIE Alexis,PME+,2024-07-15
2024,20615,LES SALINES DE GUERANDE,34924131500010,1546831,Documentary review,4-Certification finished,Contracted,2024-12-31,2024-12-19,2024-12-11,2024-12-11,SCART Hugo,PME+,2024-12-16
2026,247649,PAGES VEDRENNE,35382104400131,1875418,Annual inspection,2-Inspector's Infoportal,Contracted,2026-09-30,,,,JOIE Alexis,PME+,
2025,184603,PRUNIER  SAS,34905002100022,1617141,Renewal audit,4-Certification finished,Contracted,2025-10-31,2025-11-03,2025-11-03,2025-11-04,NOURY Pierre-Alexandre,PME+,2025-11-20
2023,67846,ETHIQUABLE,44916448200027,1374552,Documentary review,4-Certification finished,Contracted,2023-09-30,2024-02-10,2024-01-29,2024-02-21,TABARY Thibaut,PME+,2024-02-22
2025,66253,BRASSERIE LICORNE SAS,38107778300029,1730565,Initial inspection,4-Certification finished,Contracted,2025-05-31,2025-05-27,2025-05-26,2025-05-27,FORNEZZO Nathalie,PME+,2025-07-08
2024,301877,Maison GUINOU,42698009000010,1612084,Additional inspection,4-Certification finished,Contracted,2024-11-30,2024-12-05,2024-12-05,2024-12-05,MOULIN Clement,PME+,2025-01-27
2023,20117,DELOUIS FILS SAS,30887574900035,1374558,Documentary review,4-Certification finished,Contracted,2023-09-30,2023-11-03,2023-12-05,2023-12-05,MENNETRET Laurent,PME+,2023-12-05
2024,38582,ROUTIN SA,74562027800010,1545818,Annual inspection,4-Certification finished,Contracted,2024-10-31,2025-01-30,2025-01-30,2025-01-30,SUDAN Severine,PME+,2025-03-27
2024,63438,RIVIERE,34984417500019,1546760,Documentary review,4-Certification finished,Contracted,2024-06-30,2024-06-28,2024-08-23,2024-08-23,DE MEDTS Emilie,PME+,2024-09-03
2022,218953,VAL LEGUMES,38848978300018,1132672,Annual inspection,4-Certification finished,Contracted,2022-03-31,2022-04-07,2022-04-07,2022-04-07,GHEERAERT Noemie,PME+,2022-04-25
2023,67934,ESPRIT DU SEL SAS,39420218800063,1374349,Annual inspection,4-Certification finished,Contracted,2023-02-28,2023-03-22,2023-03-22,2023-03-22,MILIN Francois,PME+,2023-05-09
2022,102850,ALTHO,39772959100016,1264232,Renewal audit,4-Certification finished,Contracted,2022-11-30,2022-12-01,2022-11-30,2022-12-01,MONVOISIN Louis,PME+,2022-12-19
2026,84538,FROMAGERIE GILLOT,34582029400014,1875572,Renewal audit,2-Inspector's Infoportal,Contracted,2026-12-31,,,,NOURY Pierre-Alexandre,PME+,
2025,250195,GRAIN DE SAIL,53886674000011,1617229,Renewal audit,4-Certification finished,Contracted,2025-10-31,2025-10-15,2025-10-15,2025-10-16,MILIN Francois,PME+,2025-10-27
2026,191967,PHAMED   SAS,83267504500021,1876138,Initial inspection,4-Certification finished,Contracted,2026-01-31,2026-01-26,2026-01-26,2026-01-26,BELLEAU Lucas,PME+,2026-02-27
2024,84477,BIOPLANTS,52772723400033,1546721,Annual inspection,4-Certification finished,Contracted,2024-11-30,2024-11-20,2024-11-19,2024-11-20,MENNETRET Laurent,PME+,2024-12-17
2024,84578,MIEL CRETET,48304492100011,1546870,Annual inspection,4-Certification finished,Contracted,2024-10-31,2024-10-22,2024-10-22,2024-10-22,MAGNAN Céline,PME+,2024-12-17
2026,319931,ARDEA,54202583800401,1902211,Initial inspection,4-Certification finished,Contracted,2026-04-30,2026-04-07,2026-04-01,2026-04-09,BELLEAU Lucas,PME+,2026-05-04
2026,64945,HENRI RAFFIN,74562103700050,1875581,Renewal audit,4-Certification finished,Contracted,2026-02-28,2026-03-04,2026-03-03,2026-03-04,SUDAN Severine,PME+,2026-04-14
2026,84509,DANIEL CADIOU,38853243400015,1875325,Documentary review,2-Inspector's Infoportal,Contracted,2026-10-31,,,,BELLEAU Lucas,PME+,
2026,240407,LEA NATURE SERVICES ,40995752900038,1919692,Annual inspection,2-Inspection order accepted,Contracted,2026-09-30,2026-09-09,,,MENNETRET Laurent,PME+,
2023,247649,PAGES VEDRENNE,35382104400131,1431456,Annual inspection,4-Certification finished,Contracted,2023-09-30,2023-09-07,2023-09-07,2023-09-19,SUDAN Severine,PME+,2023-10-30
2024,21004,MARIE MORIN FRANCE SAS,33985193300020,1546833,Documentary review,4-Certification finished,Contracted,2024-11-30,2024-12-13,2024-11-21,2024-11-21,TABARY Thibaut,PME+,2024-11-22
2024,84370,BIO PROVENCE,51910501900037,1546924,Initial inspection,4-Certification finished,Contracted,2024-02-29,2024-02-01,2024-02-01,2024-02-01,HUSSON Sophie,PME+,2024-03-29
2025,238415,Les chevaliers d'Argouges,38204469100030,1617138,Renewal audit,4-Certification finished,Contracted,2025-08-31,2025-07-07,2025-07-07,2025-07-08,NOURY Pierre-Alexandre,PME+,2025-07-18
2025,84565,LE COQ NOIR,31620394200024,1617550,Renewal audit,4-Certification finished,Contracted,2025-10-31,2025-11-24,2025-11-24,2025-11-25,AUBERT Lorraine,PME+,2025-12-04
2023,84565,LE COQ NOIR,31620394200024,1388315,Annual inspection,4-Certification finished,Contracted,2023-10-30,2023-10-12,2023-10-12,2023-10-13,AUBERT Lorraine,PME+,2023-11-13
2022,84457,AGRO'NOVAE,33863506300047,1132353,Renewal audit,4-Certification finished,Contracted,2022-03-31,2022-09-28,2022-09-28,2022-09-28,RIVIERE Madline,PME+,2022-11-24
2024,84488,CONSERVERIE CHANCERELLE (À DOUARNENEZ),44314687300023,1546790,Documentary review,4-Certification finished,Contracted,2024-11-30,2024-12-04,2024-12-04,2024-12-04,TABARY Thibaut,PME+,2024-12-11
2022,247214,CLAVIERE SAS,38023057300020,1132821,Documentary review,4-Certification finished,Contracted,2022-10-31,2022-10-30,2023-01-27,2023-01-27,NEBILI Nora,PME+,2023-02-01
2025,50597,ALPHA NUTRITION SARL,45015773000026,1761870,Renewal audit,4-Certification finished,Contracted,2025-11-30,2025-12-03,2025-12-03,2025-12-03,MATHEY Stéphanie,PME+,2026-02-11
2026,139041,ETS PIERRE BOURRE SAS,06820068200018,1875569,Renewal audit,2-Inspection order accepted,Contracted,2026-09-30,2026-09-29,,,MILIN Francois,PME+,
2024,62762,LES JARDINS DE L'ORBRIE SAS,43523314300039,1545878,Documentary review,4-Certification finished,Contracted,2024-10-31,2024-11-29,2024-11-07,2024-11-07,TABARY Thibaut,PME+,2024-11-08
2026,84462,ALTHO,39772959100024,1875541,Renewal audit,2-Inspector's Infoportal,Not contracted,2026-11-30,,,,DANGY Antoine,PME+,
2026,188502,LMT Biscuiteries ( site de Coray),37934015100115,1875505,Additional inspection,2-Inspection order accepted,Not contracted,2026-12-31,,,,DUVAL Anaïs,PME+,
2023,167476,SARL BLOOMUP,52425386100016,1374562,Documentary review,4-Certification finished,Contracted,2023-03-31,2023-03-31,2023-05-12,2023-05-12,SCART Hugo,PME+,2023-05-12
2025,84593,Charcuterie PIERRE SCHMIDT,63850041300049,1724711,Annual inspection,4-Certification finished,Contracted,2025-06-30,2025-09-03,2025-09-03,2025-09-04,FORNEZZO Nathalie,PME+,2025-09-18
2025,138024,ALPES BISCUITS,38219585700026,1617214,Renewal audit,4-Certification finished,Contracted,2025-06-30,2025-06-10,2025-06-10,2025-06-12,MOSCA Audrey,PME+,2025-07-09
2026,20034,BISCUITERIE DE LA TOUR D'ALBON - SAS,43678021700028,1897027,Additional inspection,2-Inspector's Infoportal,Not contracted,2026-10-31,,,,JOIE Alexis,PME+,
2022,252772,SODIPORC,73182014800039,1255663,Documentary review,4-Certification finished,Contracted,2022-11-30,2022-12-02,2022-12-09,2022-12-09,MOULIN Clement,PME+,2022-12-16
2023,20166,PAUL HEUMANN SA,71850193500024,1374363,Annual inspection,4-Certification finished,Contracted,2023-10-31,2023-10-03,2023-10-03,2023-10-03,DENIS Coralie,PME+,2023-10-24
2026,313350,Natur'Opéra,90030139100026,1875262,Additional inspection,2-Inspector's Infoportal,Not contracted,2026-08-31,,,,BIA Elodie,PME+,
2024,62851,BISCUITS BOUVARD SAS,75720010000027,1546853,Annual inspection,4-Certification finished,Contracted,2024-10-31,2024-11-19,2024-11-18,2024-11-19,JOIE Alexis,PME+,2025-02-03
2022,210570,LA FRANCO ARGENTINE,35309884100029,1132817,Documentary review,4-Certification finished,Contracted,2022-10-31,2023-01-23,2023-01-13,2023-01-13,JOIE Alexis,PME+,2023-01-13
2022,20412,VITAMONT SA,32867805700022,1132765,Annual inspection,4-Certification finished,Contracted,2022-11-30,2022-10-24,2022-10-24,2022-10-26,DE BELLABRE Maïka,PME+,2022-11-10
2024,127793,AMERICAN DESSERTS,50185556300018,1546783,Documentary review,4-Certification finished,Contracted,2024-11-30,2024-11-15,2024-11-26,2024-11-26,TABARY Thibaut,PME+,2024-11-29
2024,104049,ST HUBERT,,1546910,Renewal audit,4-Certification finished,Contracted,2024-10-31,2024-10-10,2024-10-09,2024-10-10,SCART Hugo,PME+,2024-11-14
2026,168015,GALILEO SAS,52812658400010,1779588,Initial inspection,4-Certification finished,Contracted,2026-01-31,2026-01-08,2026-01-08,2026-01-09,CUSTOJA Marie,PME+,2026-01-27
2024,84499,COMPAGNIE DU MIDI,3732059500020,1546791,Documentary review,4-Certification finished,Contracted,2024-06-30,2024-07-19,2024-08-09,2024-08-09,TABARY Thibaut,PME+,2024-08-09
2025,63056,POULIQUEN SAS,83964261800020,1617318,Documentary review,4-Certification finished,Contracted,2025-04-30,2025-03-03,2025-02-10,2025-02-10,MENNETRET Laurent,PME+,2025-02-10
2025,31787,ROUCADIL SARL,32732331700013,1617186,Documentary review,4-Certification finished,Contracted,2025-11-30,2025-11-30,2025-12-15,2025-12-15,MOULIN Clement,PME+,2025-12-15
2025,20142,NATURGIE SAS,38348790700024,1617144,Renewal audit,4-Certification finished,Contracted,2025-09-30,2025-09-26,2025-09-25,2025-09-26,TOUBOUL Julien,PME+,2025-11-03
2026,199400,SAINT BERNARD SAS,43196744700019,1875612,Renewal audit,2-Inspector's Infoportal,Contracted,2026-10-31,,,,MENNETRET Laurent,PME+,
2025,294422,COMPAGNIE DU BICARBONATE,520082405,1617316,Documentary review,4-Certification finished,Contracted,2025-07-31,2025-07-31,2025-08-01,2025-08-01,PAINVIN Margaux,PME+,2025-08-11
2025,64945,HENRI RAFFIN,74562103700050,1617420,Documentary review,4-Certification finished,Contracted,2025-02-28,2025-03-07,2025-02-07,2025-02-07,MENNETRET Laurent,PME+,2025-02-10
2026,315352,AGROPROD,75092104100034,,Additional inspection,1-Inspection order created,Not contracted,2026-11-30,,,,MENNETRET Laurent,PME+,
2023,233854,UPCS (Groupe DEBROAS),41265481600021,1374412,Annual inspection,4-Certification finished,Contracted,2023-12-31,2024-03-08,2024-03-08,2024-03-12,JOIE Alexis,PME+,2024-04-19
2025,63854,HUILERIES DE LAPALISSE,31453979200015,1617415,Documentary review,4-Certification finished,Contracted,2025-09-30,2025-10-30,2025-12-04,2025-12-04,JOIE Alexis,PME+,2025-12-04
2024,102466,UN AIR D'ICI,43390249100029,1546905,Annual inspection,4-Certification finished,Contracted,2024-05-31,2024-07-15,2024-07-15,2024-07-17,JOIE Alexis,PME+,2024-08-21
2022,166452,LES GLACIERS PARISIENS (ALPEREL)   SAS,81499482800022,1255653,Documentary review,4-Certification finished,Contracted,2022-11-30,2023-02-09,2023-01-26,2023-01-26,MOULIN Clement,PME+,2023-01-26
2022,220006,BOYAUDERIE SISTERONNAISE,33425815900014,1132673,Annual inspection,4-Certification finished,Contracted,2022-03-31,2022-04-07,2022-04-07,2022-04-07,HUSSON Sophie,PME+,2022-05-20
2022,84619,SILL,63622022000017,1267957,Annual inspection,4-Certification finished,Contracted,,,2022-12-06,2022-12-07,MILIN Francois,PME+,2023-02-21
2026,50597,ALPHA NUTRITION SARL,45015773000026,1894251,Documentary review,2-Inspector's Infoportal,Contracted,2026-11-30,,,,BELLEAU Lucas,PME+,
2024,67934,ESPRIT DU SEL SAS,39420218800063,1578210,Documentary review,4-Certification finished,Contracted,2024-05-31,2024-05-07,2024-05-06,2024-05-06,SCART Hugo,PME+,2024-05-06
2022,84599,RICA LEWIS,,1243687,Documentary review,4-Certification finished,Contracted,2022-05-31,2022-11-10,2022-11-10,2022-11-10,TABARY Thibaut,PME+,2022-11-10
2022,212983,LES GOUTS DU SUD   SAS,47924424600019,1199298,Initial inspection,4-Certification finished,Contracted,2022-01-31,2022-02-15,2022-02-14,2022-02-15,RIVIERE Madline,PME+,2022-03-17
2023,270071,VINS JEAN LOUIS PARSAT SAS,35333323000012,1374600,Documentary review,4-Certification finished,Contracted,2023-11-30,2023-11-10,2023-12-08,2023-12-08,SCART Hugo,PME+,2023-12-08
2024,261502,CSP PARIS FASHION GROUP,41031726700053,1584967,Additional inspection,4-Certification finished,Not contracted,2024-10-31,2024-10-14,2024-10-14,2024-10-14,MEYER Iman,PME+,2024-11-13
2025,84592,PERRIN VERMOT,30647461000020,1617447,Renewal audit,3-Inspection finished - Pool,Contracted,2025-10-31,2026-02-10,2026-02-09,2026-02-10,JOIE Alexis,PME+,
2025,64176,REITZEL BRIAND,34746424000063,1733653,Additional inspection,4-Certification finished,Contracted,2024-12-31,2025-02-27,2025-02-26,2025-02-27,BRONDEX Elodie,PME+,2025-03-17
2022,25356,SABAROT WASSNER,58575081300040,1132365,Renewal audit,4-Certification finished,Contracted,2022-06-30,2022-06-15,2022-06-15,2022-06-16,MOSCA Audrey,PME+,2022-08-08
2025,167476,SARL BLOOMUP,52425386100016,1617307,Documentary review,4-Certification finished,Contracted,2025-05-31,2025-04-14,2025-06-19,2025-06-19,PAINVIN Margaux,PME+,2025-06-20
2024,216435,COOKIE CREATIONS,34061091400038,1546817,Documentary review,4-Certification finished,Contracted,2024-01-31,2024-03-25,2024-03-25,2024-03-25,MEYER Iman,PME+,2024-04-08
2022,227053,GROUPE ROUTHIAU,,1398220,Annual inspection,4-Certification finished,Contracted,2023-04-01,2023-03-01,2023-02-27,2023-03-01,MENNETRET Laurent,PME+,2023-04-12
2026,295937,SAS EAUX MINERALES NATURELLES DE QUEZAC,47946348100033,1875615,Renewal audit,2-Inspection order accepted,Contracted,2026-07-31,2026-07-16,,,RIVIERE Madline,PME+,
2024,131192,LABORATOIRE FRANCE BEBE NUTRITION,39956993800026,1546845,Annual inspection,4-Certification finished,Contracted,2024-07-31,2024-07-25,2024-07-25,2024-07-25,SCART Hugo,PME+,2024-12-09
2024,281345,Collectif AEB services,89841681300019,1546830,Documentary review,4-Certification finished,Contracted,2024-11-30,2024-12-19,2024-12-19,2024-12-19,TABARY Thibaut,PME+,2025-01-13
2022,66353,LMT Biscuiteries (site de Pont Aven),37934015100198,1132773,Additional inspection,4-Certification finished,Not contracted,2022-06-30,2023-03-30,2023-03-30,2023-03-30,MONVOISIN Louis,PME+,2023-04-17
2025,121964,BRASSERIE DE VEZELAY SARL,53273732700025,1617205,Renewal audit,4-Certification finished,Contracted,2025-11-30,2025-11-13,2025-11-12,2025-11-13,MOULIN Clement,PME+,2025-12-03
2026,20117,DELOUIS FILS SAS,30887574900035,1875565,Renewal audit,2-Inspector's Infoportal,Contracted,2026-06-30,2026-06-25,,,TOUBOUL Julien,PME+,
2022,65990,SODALIS France SA,,1132837,Documentary review,4-Certification finished,Contracted,2022-12-31,2022-12-18,2023-01-26,2023-01-26,JOIE Alexis,PME+,2023-01-31
2022,38582,ROUTIN SA,74562027800010,1132682,Annual inspection,4-Certification finished,Contracted,2022-11-30,2022-10-05,2022-10-04,2022-10-05,MOSCA Audrey,PME+,2022-11-25
2022,84488,CONSERVERIE CHANCERELLE (À DOUARNENEZ),44314687300023,1132654,Documentary review,4-Certification finished,Contracted,2022-10-31,2023-01-24,2023-01-24,2023-01-24,MOULIN Clement,PME+,2023-01-24
2022,84553,JLF,,1132807,Documentary review,4-Certification finished,Contracted,2022-11-30,2022-11-14,2023-01-06,2023-01-06,NEBILI Nora,PME+,2023-01-17
2026,67934,ESPRIT DU SEL SAS,39420218800063,1875333,Documentary review,4-Certification finished,Contracted,2026-03-31,2026-05-09,2026-06-01,2026-06-01,JOIE Alexis,PME+,2026-06-02
2024,287773,Groupe SECO SAS,53844935600020,1546902,Annual inspection,4-Certification finished,Contracted,2024-11-30,2024-10-10,2024-10-09,2024-10-10,MENNETRET Laurent,PME+,2024-10-25
2025,283951,LE GRENIER DES GASTRONOMES,50989657700012,1617480,Renewal audit,4-Certification finished,Contracted,2025-10-31,2025-11-04,2025-11-03,2025-12-04,GENTHIEU-ELIE Valentine,PME+,2025-12-04
2023,84631,ULMANN,58210775100031,1374578,Documentary review,4-Certification finished,Contracted,2023-10-31,2023-10-01,2023-10-03,2023-10-03,MOULIN Clement,PME+,2023-10-05
2025,63578,MULOT ET PETITJEAN SA,01575153000013,1617416,Documentary review,4-Certification finished,Contracted,2025-06-30,2025-08-16,2025-08-20,2025-08-20,JOIE Alexis,PME+,2025-08-26
2025,20269,NATURE ET ALIMENTS SAS,85580259100021,1757270,Renewal audit,4-Certification finished,Contracted,2025-09-30,2025-09-29,2025-09-29,2025-09-30,VIGNAUD Margaux,PME+,2025-10-16
2023,216702,RIVAZUR CAKES,61980411500027,1374407,Annual inspection,4-Certification finished,Contracted,2023-11-30,2023-11-16,2023-11-16,2023-11-16,SAULNIER Charline,PME+,2023-11-29
2023,254064,FROMAGERIE GAUGRY,95000399600044,,Additional inspection,1-Inspection order created,Not contracted,,,,,,PME+,
2024,84593,Charcuterie PIERRE SCHMIDT,63850041300049,1546919,Renewal audit,4-Certification finished,Contracted,2024-06-30,2024-06-14,2024-06-13,2024-06-14,FORNEZZO Nathalie,PME+,2024-06-21
2026,69710,SAINTE LUCIE SAS,57215120700022,1875389,Documentary review,2-Inspection order accepted,Contracted,2026-11-30,2026-08-03,,,PAINVIN Margaux,PME+,
2022,224468,CULTURE MIEL ,34329151400036,1132361,Renewal audit,4-Certification finished,Contracted,2022-06-30,2022-06-27,2022-06-27,2022-06-27,GHEERAERT Noemie,PME+,2022-08-25
2025,21567,NATURALIM France Miel SAS,38863525200033,1617033,Renewal audit,4-Certification finished,Contracted,2025-10-31,2025-10-23,2025-10-22,2025-10-23,SIMON Elisa,PME+,2025-11-06
2026,66253,BRASSERIE LICORNE SAS,38107778300029,1898629,Documentary review,4-Certification finished,Contracted,2026-04-30,2026-05-09,2026-04-09,2026-04-09,BUTTIGIEG Karine,PME+,2026-04-14
2026,300662,AMALRIC,53844948900045,1875542,Renewal audit,2-Inspection order accepted,Contracted,2026-11-30,,,,PETIT Doriane,PME+,
2022,20552,EKIBIO,34505228600027,1218079,Renewal audit,4-Certification finished,Contracted,2022-12-31,2022-12-15,2022-12-14,2022-12-15,BRIET Jean-Christophe,PME+,2023-03-01
2026,306272,Cafés Factorerie,38022213300049,1875312,Documentary review,2-Inspection order accepted,Contracted,2026-04-30,2026-06-01,,,JOIE Alexis,PME+,
2023,44254,CONSERVES STEPHAN SAS,43695002600027,1374366,Annual inspection,4-Certification finished,Contracted,2023-11-30,2023-11-23,2023-11-22,2023-11-23,MILIN Francois,PME+,2023-12-14
2022,229450,CONSERVERIE GONIDEC,37598007500028,1132676,Annual inspection,4-Certification finished,Contracted,2022-11-30,2022-10-25,2022-10-25,2022-10-26,MONVOISIN Louis,PME+,2022-11-23
2022,84621,SOMAPRO,33518515300012,1132810,Documentary review,4-Certification finished,Contracted,2022-09-30,2022-11-23,2022-11-23,2022-11-23,JOIE Alexis,PME+,2022-12-01
2024,20103,COMPAGNIE MEDITERRANEENNE DES CAFES MALONGO - CMC,95580206100106,1546851,Annual inspection,4-Certification finished,Contracted,2024-09-30,2024-12-05,2024-12-04,2024-12-05,JOIE Alexis,PME+,2025-02-05
2024,64945,HENRI RAFFIN,74562103700050,1559404,Annual inspection,4-Certification finished,Contracted,2024-01-31,2024-01-31,2024-01-30,2024-01-31,MOSCA Audrey,PME+,2024-02-23
2023,265493,CHARCUTERIE CAMILLE CROS,32379068300037,1374598,Documentary review,4-Certification finished,Contracted,2023-07-31,2023-07-28,2023-08-08,2023-08-08,MENNETRET Laurent,PME+,2023-08-08
2025,265493,CHARCUTERIE CAMILLE CROS,32379068300037,1617523,Documentary review,4-Certification finished,Contracted,2025-07-31,2025-07-17,2025-07-17,2025-07-17,BUTTIGIEG Karine,PME+,2025-07-18
2025,66536,LES CHARCUTIERS D'ALSACE,33405277600039,1768202,Additional inspection,4-Certification finished,Not contracted,2025-06-30,2025-09-04,2025-09-04,2025-09-04,SIMON Elisa,PME+,2025-09-18
2024,130846,AIL AIL AIL SARL,48035321800021,1546908,Renewal audit,4-Certification finished,Contracted,2024-11-30,2024-12-16,2024-12-16,2024-12-16,MILIN Francois,PME+,2025-02-24
2023,65990,SODALIS France SA,,1432824,Additional inspection,4-Certification finished,Contracted,2023-11-30,2023-11-29,2023-11-29,2023-11-29,MEYER Iman,PME+,2024-01-08
2022,84552,JC DAVID,32135524000037,1218074,Annual inspection,4-Certification finished,Contracted,2023-06-30,2023-09-13,2023-10-12,2023-10-12,BIA Elodie,PME+,2023-10-13
2022,49099,FROMAGERIE MILLERET SA,42625002300014,1132833,Documentary review,4-Certification finished,Contracted,2022-10-31,2023-01-23,2023-01-27,2023-01-27,NEBILI Nora,PME+,2023-02-01
2024,84490,CIDRES LEBRUN,,1546863,Annual inspection,4-Certification finished,Contracted,2024-07-31,2024-07-31,2024-07-31,2024-07-31,MILIN Francois,PME+,2024-09-30
2023,121132,HYGIENE ET NATURE,1715010300046,1388318,Annual inspection,4-Certification finished,Contracted,2023-10-31,2023-09-28,2023-09-27,2023-09-28,VIDAL Marine,PME+,2023-10-10
2024,84556,LA BROSSE ET DUPONT,57213300700177,1611377,Renewal audit,4-Certification finished,Contracted,2024-12-31,2025-01-09,2025-01-07,2025-01-09,SCART Hugo,PME+,2025-03-11
2022,84590,BAILLON ET COMPAGNIE,30582580400027,1132809,Documentary review,4-Certification finished,Contracted,2022-11-30,2022-11-18,2023-01-16,2023-01-16,MENNETRET Laurent,PME+,2023-01-16
2026,63056,POULIQUEN SAS,83964261800020,1875606,Renewal audit,3-Inspection finished - Pool,Contracted,2026-03-31,2026-06-08,2026-06-08,2026-06-08,MILIN Francois,PME+,
2026,47117,GERIAL,31788691900032,1875340,Documentary review,2-Inspector's Infoportal,Contracted,2026-10-31,,,,BUTTIGIEG Karine,PME+,
2026,51427,SADAC SAS,40806109100042,1875388,Documentary review,3-Certification order accepted,Contracted,2026-06-30,,2026-06-05,2026-06-05,BUTTIGIEG Karine,PME+,
2023,238415,Les chevaliers d'Argouges,38204469100030,1374414,Annual inspection,4-Certification finished,Contracted,2023-08-30,2023-08-29,2023-09-29,2023-09-30,NOURY Pierre-Alexandre,PME+,2023-10-10
2022,20166,PAUL HEUMANN SA,71850193500024,1255655,Documentary review,4-Certification finished,Contracted,2022-07-31,2022-12-18,2022-11-24,2022-11-24,MOULIN Clement,PME+,2022-11-24
2023,27809,CONSERVERIE BIOVIVER,34989119200024,1380080,Annual inspection,4-Certification finished,Contracted,2023-02-28,2023-02-22,2023-02-22,2023-02-23,DE BELLABRE Maïka,PME+,2023-04-19
2023,166419,LA BOUTIQUE LEA NATURE SARL,49946953400022,,Additional inspection,1-Inspection order created,Not contracted,,,,,,PME+,
2026,20375,PODER SAS,35302694100024,1875265,Documentary review,2-Inspection order accepted,Contracted,2026-10-31,,,,PAINVIN Margaux,PME+,
2022,114616,AGROBIOTHERS LABORATOIRE SA,30322950400020,1196739,Initial inspection,4-Certification finished,Contracted,2022-01-31,2022-01-07,2022-01-06,2022-01-07,GHEERAERT Noemie,PME+,2022-01-17
2023,84630,TWF,35405912300019,1374398,Annual inspection,4-Certification finished,Contracted,2023-05-31,2023-06-22,2023-06-21,2023-06-22,SCART Hugo,PME+,2023-11-08
2023,203932,CSP Paris Fashion Group,41031726700038,1374582,Documentary review,4-Certification finished,Contracted,2023-10-31,2023-11-09,2023-11-23,2023-11-23,MEYER Iman,PME+,2023-11-24
2024,163760,TRUFFIERES DE RABASSE,40476584400026,1546913,Documentary review,4-Certification finished,Contracted,2024-10-31,2024-11-28,2024-12-11,2024-12-11,TABARY Thibaut,PME+,2024-12-11
2022,20103,COMPAGNIE MEDITERRANEENNE DES CAFES MALONGO - CMC,95580206100106,1132678,Annual inspection,4-Certification finished,Contracted,2022-09-30,2022-09-07,2022-09-07,2022-09-07,BRIET Jean-Christophe,PME+,2022-10-20
2024,221097,LECHEF,80976041600010,1546882,Annual inspection,4-Certification finished,Contracted,2024-09-30,2024-09-26,2024-09-25,2024-09-26,SCART Hugo,PME+,2024-10-14
2024,117404,BPA ANGERS SAS,32872594000030,1546900,Renewal audit,4-Certification finished,Contracted,2024-11-30,2025-03-10,2025-03-10,2025-03-11,NOURY Pierre-Alexandre,PME+,2025-03-14
2023,20220,LOBODIS SAS,34465626900083,1374361,Annual inspection,4-Certification finished,Contracted,2023-09-30,2023-09-28,2023-09-28,2023-09-28,NOURY Pierre-Alexandre,PME+,2023-10-02
2024,240407,LEA NATURE SERVICES ,40995752900038,1546751,Annual inspection,4-Certification finished,Contracted,2024-09-30,2024-09-11,2024-09-09,2024-09-11,MENNETRET Laurent,PME+,2024-10-15
2022,233854,UPCS (Groupe DEBROAS),41265481600021,1132677,Annual inspection,4-Certification finished,Contracted,2022-01-31,2022-05-10,2022-05-09,2022-05-10,SUDAN Severine,PME+,2022-11-02
2024,20552,EKIBIO,34505228600027,1545882,Annual inspection,4-Certification finished,Contracted,2024-12-31,2024-12-05,2024-12-05,2024-12-05,MOSCA Audrey,PME+,2025-03-10
2022,67934,ESPRIT DU SEL SAS,39420218800063,1241653,Documentary review,4-Certification finished,Contracted,2022-03-31,2022-05-09,2022-07-20,2022-07-20,MENNETRET Laurent,PME+,2022-07-21
2022,84588,ODNV,37748122100044,1212348,Annual inspection,4-Certification finished,Contracted,2022-07-31,2022-09-07,2022-09-07,2022-09-08,MILIN Francois,PME+,2022-11-08
2024,84549,IDEAL,97150286900037,1546801,Documentary review,4-Certification finished,Contracted,2024-06-30,2024-07-08,2024-07-05,2024-07-05,JOIE Alexis,PME+,2024-07-30
2026,20077,BRASSERIE CASTELAIN,31525575200018,1875306,Documentary review,4-Certification finished,Contracted,2026-04-30,2026-04-25,2026-04-03,2026-04-03,MOULIN Clement,PME+,2026-04-08
2023,20424,ROSTAIN   SAS,39977943800031,1422797,Initial inspection,4-Certification finished,Contracted,2023-10-31,2023-11-24,2023-11-24,2023-11-24,HUSSON Sophie,PME+,2024-01-29
2026,84578,MIEL CRETET,48304492100011,1875599,Renewal audit,2-Inspector's Infoportal,Contracted,2026-10-31,,,,CONVERT Mélissa,PME+,
2023,160665,CACOLAC SAS,45620239900048,1387389,Annual inspection,4-Certification finished,Contracted,2023-06-30,2023-06-28,2023-06-28,2023-06-29,EVEN Margaux,PME+,2023-07-25
2025,21952,CONFISERIE DU ROY RENE SAS,62162092100026,1617422,Documentary review,4-Certification finished,Contracted,2025-06-30,2025-07-21,2025-08-21,2025-08-21,JOIE Alexis,PME+,2025-08-22
2023,179931,CSD - Commerce Service Distribution,40278304700036,1374374,Annual inspection,4-Certification finished,Contracted,2023-11-30,2023-12-07,2023-12-07,2023-12-07,MOULIN Clement,PME+,2024-01-12
2022,20220,LOBODIS SAS,34465626900083,1132826,Documentary review,4-Certification finished,Contracted,2022-11-30,2022-10-17,2022-12-16,2022-12-16,DE MEDTS Emilie,PME+,2022-12-16
2022,247649,PAGES VEDRENNE,35382104400131,1208893,Initial inspection,4-Certification finished,Contracted,2022-09-30,2022-08-29,2022-08-29,2022-09-01,MOSCA Audrey,PME+,2022-09-23
2022,84596,SARAPARTICIPATIONS,52859649700016,1207823,Annual inspection,4-Certification finished,Contracted,2022-12-31,2022-11-16,2022-11-16,2022-11-17,SAULNIER Charline,PME+,2022-12-02
2026,311418,INITIATIVES DECORATION,30515177100048,1875350,Documentary review,2-Inspection order accepted,Contracted,2026-09-30,2026-06-26,,,PAINVIN Margaux,PME+,
2025,20117,DELOUIS FILS SAS,30887574900035,1617185,Documentary review,4-Certification finished,Contracted,2025-06-30,2025-06-28,2025-06-06,2025-06-06,MOULIN Clement,PME+,2025-06-12
2024,84489,CHARBONNEAUX BRABANT,33578220700013,1546862,Annual inspection,4-Certification finished,Contracted,2024-11-30,2024-11-27,2024-11-26,2024-11-27,RIVIERE Madline,PME+,2025-01-02
2024,238415,Les chevaliers d'Argouges,38204469100030,1546822,Documentary review,4-Certification finished,Contracted,2024-08-31,2024-08-16,2024-08-06,2024-08-06,MENNETRET Laurent,PME+,2024-08-06
2026,301115,RAFFOLE,98090218300014,1875383,Documentary review,2-Inspection order accepted,Contracted,2026-11-30,,,,PAINVIN Margaux,PME+,
2026,313114,MAGDA SAS,38866963200076,1875366,Documentary review,2-Inspector's Infoportal,Contracted,2026-09-30,,,,MENNETRET Laurent,PME+,
2024,20166,PAUL HEUMANN SA,71850193500024,1546773,Documentary review,4-Certification finished,Contracted,2024-10-31,2024-11-28,2024-11-07,2024-11-07,TABARY Thibaut,PME+,2024-11-13
2026,27809,CONSERVERIE BIOVIVER,34989119200024,1875520,Renewal audit,4-Certification finished,Contracted,2026-02-28,2026-04-22,2026-04-20,2026-04-22,MENNETRET Laurent,PME+,2026-06-19
2023,84519,EXTRUPLAST,,1374571,Documentary review,4-Certification finished,Contracted,2023-11-30,2023-11-27,2023-12-05,2023-12-05,MENNETRET Laurent,PME+,2023-12-05
2024,114616,AGROBIOTHERS LABORATOIRE SA,30322950400020,1546907,Annual inspection,4-Certification finished,Contracted,2024-04-30,2024-07-31,2024-07-30,2024-07-31,BRONDEX Elodie,PME+,2024-08-22
2022,20228,LES METS DE PROVENCE,32177464800026,1132827,Documentary review,4-Certification finished,Contracted,2022-12-31,2023-02-10,2023-01-30,2023-01-30,NEBILI Nora,PME+,2023-02-01
2023,199400,SAINT BERNARD SAS,43196744700019,1374581,Documentary review,4-Certification finished,Contracted,2023-05-31,2023-10-30,2023-10-05,2023-10-05,MOULIN Clement,PME+,2023-10-05
2024,84574,BISCUITS FOSSIER,37826992200050,1546869,Annual inspection,4-Certification finished,Contracted,2024-04-30,2024-02-28,2024-02-28,2024-02-29,MEYER Iman,PME+,2024-04-08
2025,295030,KROKOLA,88498325500016,1617432,Documentary review,4-Certification finished,Contracted,2025-06-30,2025-09-23,2025-09-26,2025-09-26,JOIE Alexis,PME+,2025-09-29
2022,64945,HENRI RAFFIN,74562103700050,1258499,Documentary review,4-Certification finished,Contracted,2022-11-30,2023-01-20,2023-02-01,2023-02-01,MENNETRET Laurent,PME+,2023-02-01
2024,258017,LABORATOIRES DERMOSUN,53053214200037,1564841,Annual inspection,4-Certification finished,Contracted,2024-04-30,2024-04-23,2024-04-23,2024-04-23,VIDAL Marine,PME+,2024-05-30
2026,84593,Charcuterie PIERRE SCHMIDT,63850041300049,1875555,Renewal audit,2-Inspector's Infoportal,Contracted,2026-09-30,,,,DANGY Antoine,PME+,
2023,167983,BIOMERE (ex : Jubiles) SAS,83094262900056,1374445,Annual inspection,4-Certification finished,Contracted,2023-10-31,2023-10-06,2023-10-05,2023-10-06,SAULNIER Charline,PME+,2023-10-25
2022,229581,FERME DE LA MOTTE ,42433296300018,1132819,Documentary review,4-Certification finished,Contracted,2022-11-30,2023-02-28,2023-02-20,2023-02-20,JOIE Alexis,PME+,2023-02-20
2025,24447,LA RUCHE ROANNAISE BESACIER SA,40588005500034,1617022,Renewal audit,4-Certification finished,Contracted,2025-07-31,2025-10-30,2025-10-30,2025-10-30,SUDAN Severine,PME+,2026-02-04
2025,84552,JC DAVID,32135524000037,1617548,Renewal audit,4-Certification finished,Contracted,2025-08-31,2025-11-13,2025-11-12,2025-11-13,BIA Elodie,PME+,2025-12-03
2022,233287,GROUPE FRANCAISE DE  GASTRONOMIE,55850337100178,1258722,Documentary review,4-Certification finished,Contracted,2022-07-31,2022-09-19,2022-09-19,2022-09-19,DE MEDTS Emilie,PME+,2022-09-19
2022,254060,NOUVELLE FROMAGERIE DE VAUDES,48005729800014,1105682,Additional inspection,4-Certification finished,Not contracted,2022-01-31,2022-01-06,2022-01-11,2022-01-13,NON DETERMINE,PME+,2022-02-28
2026,237621,WOLF LINGERIE,63850210400042,1875400,Documentary review,2-Inspection order accepted,Contracted,2026-07-31,,,,MOULIN Clement,PME+,
2022,223878,ICI&LA,,1132360,Renewal audit,4-Certification finished,Contracted,2022-06-30,2022-08-17,2022-08-17,2022-08-17,MOSCA Audrey,PME+,2022-12-23
2023,21320,LAITERIE ST DENIS DE L'HOTEL - LSDH,8558149400029,1424079,Annual inspection,4-Certification finished,Contracted,2023-10-31,2023-10-09,2023-10-10,2023-10-18,PROUST Marilyne,PME+,2023-12-04
2022,265493,CHARCUTERIE CAMILLE CROS,32379068300037,1238980,Initial inspection,4-Certification finished,Contracted,2022-06-30,2022-07-07,2022-07-06,2022-07-06,RIVIERE Madline,PME+,2022-08-17
2025,281345,Collectif AEB services,89841681300019,1617206,Renewal audit,4-Certification finished,Contracted,2025-11-30,2025-11-21,2025-11-20,2025-11-21,MOULIN Clement,PME+,2025-12-19
2023,229581,FERME DE LA MOTTE ,42433296300018,1374410,Annual inspection,4-Certification finished,Contracted,2023-10-31,2023-12-01,2023-11-30,2023-12-01,MEYER Iman,PME+,2024-02-23
2026,102466,UN AIR D'ICI,43390249100029,1875618,Renewal audit,2-Inspection order accepted,Contracted,2026-07-31,2026-07-07,,,AUBERT Lorraine,PME+,
2025,38582,ROUTIN SA,74562027800010,1617440,Documentary review,4-Certification finished,Contracted,2025-10-31,2025-11-30,2026-01-15,2026-01-15,BELLEAU Lucas,PME+,2026-02-04
2025,205075,BONBEC SHOW sas,44978663100019,1617117,Renewal audit,4-Certification finished,Contracted,2025-12-31,2026-01-14,2026-01-14,2026-01-14,RIVIERE Madline,PME+,2026-06-22
2024,218953,VAL LEGUMES,38848978300018,1546880,Annual inspection,4-Certification finished,Contracted,2024-04-30,2024-04-23,2024-04-23,2024-04-23,PROUST Marilyne,PME+,2024-06-07
2023,84595,PMC LINGERIE,44461097600011,1374393,Annual inspection,4-Certification finished,Contracted,2023-05-31,2023-05-26,2023-05-25,2023-05-26,SCART Hugo,PME+,2023-09-08
2025,21021,APIDIS,39526901200054,1617539,Renewal audit,4-Certification finished,Contracted,2025-03-31,2025-03-19,2025-03-18,2025-03-19,BRONDEX Elodie,PME+,2025-05-22
2025,84567,LES APICULTEURS ASSOCIÉS,39973186800010,1759156,Documentary review,4-Certification finished,Contracted,2025-10-31,2025-11-08,2025-10-27,2025-10-27,BELLEAU Lucas,PME+,2025-11-04
2026,250195,GRAIN DE SAIL,53886674000011,1875341,Documentary review,2-Inspection order accepted,Contracted,2026-10-31,,,,PAINVIN Margaux,PME+,
2026,186319,BRASSERIE 3 MONTS,33185949600019,1875305,Documentary review,4-Certification finished,Contracted,2026-03-31,2026-03-27,2026-03-11,2026-03-11,BELLEAU Lucas,PME+,2026-03-12
2022,21004,MARIE MORIN FRANCE SAS,33985193300020,1255661,Documentary review,4-Certification finished,Contracted,2022-10-31,2023-01-20,2023-01-20,2023-01-20,MOULIN Clement,PME+,2023-01-20
2026,21567,NATURALIM France Miel SAS,38863525200033,1875372,Documentary review,2-Inspection order accepted,Contracted,2026-10-31,,,,PAINVIN Margaux,PME+,
2023,84461,ALPINA SAVOIE,74572113400013,1374567,Documentary review,4-Certification finished,Contracted,2023-11-30,2023-12-17,2024-01-15,2024-01-15,MEYER Iman,PME+,2024-01-22
2023,21568,FAMILLE MICHAUD APICULTEURS SA,77563811700033,1374455,Annual inspection,4-Certification finished,Contracted,2023-06-30,2023-06-22,2023-06-20,2023-06-22,DE BELLABRE Maïka,PME+,2023-08-28
2025,248939,PLANTIN SAS,70692021200018,1617430,Documentary review,4-Certification finished,Contracted,2025-04-30,2025-05-02,2025-05-02,2025-05-02,JOIE Alexis,PME+,2025-05-05
2023,84509,DANIEL CADIOU,38853243400015,1374382,Annual inspection,4-Certification finished,Contracted,2023-11-30,2023-11-14,2023-11-14,2023-11-14,MONVOISIN Louis,PME+,2023-12-01
2023,26097,LES DELICES DE LA MER   SA,33929379700033,1374357,Annual inspection,4-Certification finished,Contracted,2023-02-28,2023-03-07,2023-03-07,2023-03-08,MILIN Francois,PME+,2023-05-23
2022,84482,CAROLA,34278373500018,1230322,Documentary review,4-Certification finished,Contracted,2022-10-31,2022-10-31,2022-12-12,2022-12-12,MOULIN Clement,PME+,2023-01-13
2023,84547,HEIMBURGER,41047202100014,1398635,Documentary review,4-Certification finished,Contracted,2023-12-31,2023-12-14,2023-12-11,2023-12-11,MENNETRET Laurent,PME+,2023-12-11
2026,20022,BALARAMA SAS,80968125700014,1875545,Renewal audit,2-Inspection order accepted,Contracted,2026-07-31,,,,MOULIN Clement,PME+,
2024,20022,BALARAMA SAS,80968125700014,1546850,Annual inspection,4-Certification finished,Contracted,2024-07-31,2024-07-25,2024-07-25,2024-07-25,MENNETRET Laurent,PME+,2024-09-03
2026,265493,CHARCUTERIE CAMILLE CROS,32379068300037,1875613,Renewal audit,2-Inspection order accepted,Contracted,2026-07-31,2026-07-22,,,RIVIERE Madline,PME+,
2026,84489,CHARBONNEAUX BRABANT,33578220700013,1900813,Annual inspection,2-Inspector's Infoportal,Contracted,2026-11-30,,,,MATHEY Stéphanie,PME+,
2025,183955,DEVINEAU,85780399300040,1611435,Initial inspection,4-Certification finished,Contracted,2025-01-31,2025-01-28,2025-01-28,2025-01-29,MEYER Iman,PME+,2025-02-17
2025,247214,CLAVIERE SAS,38023057300020,1617030,Renewal audit,4-Certification finished,Contracted,2025-10-31,2025-10-06,2025-10-06,2025-10-07,SIMON Elisa,PME+,2025-12-18
2022,168876,MAISON MARLERE SAS,53078000600025,1132798,Documentary review,4-Certification finished,Contracted,2022-09-30,2023-06-02,2023-05-03,2023-05-03,JOIE Alexis,PME+,2023-05-03
2025,84595,PMC LINGERIE,44461097600011,1617319,Renewal audit,4-Certification finished,Contracted,2025-05-31,2025-04-29,2025-04-29,2025-04-29,MATHEY Stéphanie,PME+,2025-06-16
2024,21021,APIDIS,39526901200054,1546842,Documentary review,4-Certification finished,Contracted,2024-03-31,2024-04-14,2024-04-10,2024-04-10,MOULIN Clement,PME+,2024-04-11
2024,20077,BRASSERIE CASTELAIN,31525575200018,1546763,Documentary review,4-Certification finished,Contracted,2024-06-30,2024-06-27,2024-07-01,2024-07-01,DE MEDTS Emilie,PME+,2024-07-30
2026,84630,TWF,35405912300019,1875398,Documentary review,2-Inspection order accepted,Contracted,2026-06-30,,,,JOIE Alexis,PME+,
2025,84630,TWF,35405912300019,1617103,Renewal audit,4-Certification finished,Contracted,2025-06-30,2025-06-26,2025-06-25,2025-06-25,BIA Elodie,PME+,2025-09-05
2023,210420,ESPROMER,,1374405,Annual inspection,4-Certification finished,Contracted,2023-09-30,2023-09-12,2023-09-12,2023-09-12,SCART Hugo,PME+,2023-11-06
2025,192231,GROUPE LE GRAET,38466458700035,1617226,Annual inspection,4-Certification finished,Contracted,2025-09-30,2025-09-22,2025-09-22,2025-09-25,MILIN Francois,PME+,2025-11-04
2023,237621,WOLF LINGERIE,63850210400042,1374413,Annual inspection,4-Certification finished,Contracted,2023-07-31,2023-07-05,2023-07-04,2023-07-05,FORNEZZO Nathalie,PME+,2023-07-26
2023,211432,"COLOR FOODS - SUN, LA FAVORITE",40770460000029,1374583,Documentary review,4-Certification finished,Contracted,2023-06-30,2023-07-20,2023-07-20,2023-07-20,DE MEDTS Emilie,PME+,2023-07-20
2026,109683,GABRIEL COULET SA,92618003500012,1875575,Renewal audit,2-Inspector's Infoportal,Contracted,2026-12-31,,,,TOUBOUL Julien,PME+,
2022,201036,BIOFUTURE SAS,51311797800033,1132844,Documentary review,4-Certification finished,Contracted,2022-09-30,2022-06-11,2022-09-22,2022-09-22,DE MEDTS Emilie,PME+,2022-09-22
2022,26097,LES DELICES DE LA MER   SA,33929379700033,1132831,Documentary review,4-Certification finished,Contracted,2022-03-31,2022-07-14,2022-10-21,2022-10-21,JOIE Alexis,PME+,2022-10-21
2026,289290,JEAN LARNAUDIE,41025258900024,1875583,Renewal audit,4-Certification finished,Contracted,2026-03-31,2026-03-11,2026-03-10,2026-03-11,RIVIERE Madline,PME+,2026-04-23
2022,20117,DELOUIS FILS SAS,30887574900035,1132679,Annual inspection,4-Certification finished,Contracted,2022-06-30,2022-06-29,2022-06-28,2022-06-29,BRIET Jean-Christophe,PME+,2022-09-06
2023,252772,SODIPORC,73182014800039,1374417,Annual inspection,4-Certification finished,Contracted,2023-10-31,2023-10-05,2023-10-04,2023-10-04,EVEN Margaux,PME+,2023-10-13
2025,108447,GRANDS VINS SELECTION - GVS SA,34249639500027,1763578,Initial inspection,4-Certification finished,Contracted,2025-10-31,2025-11-19,2025-11-18,2025-11-19,MOSCA Audrey,PME+,2025-12-04
2024,179209,DES EAUX MINERALES DE RIBEAUVILLE,91542023600019,1552017,Documentary review,4-Certification finished,Contracted,2024-10-31,2024-12-03,2025-02-19,2025-02-19,SCART Hugo,PME+,2025-02-21
2025,179209,DES EAUX MINERALES DE RIBEAUVILLE,91542023600019,1617031,Renewal audit,4-Certification finished,Contracted,2025-10-31,2025-12-05,2025-12-03,2025-12-05,FORNEZZO Nathalie,PME+,2025-12-11
2024,168876,MAISON MARLERE SAS,53078000600025,1546782,Documentary review,4-Certification finished,Contracted,2024-09-30,2024-09-05,2024-08-08,2024-08-08,TABARY Thibaut,PME+,2024-08-09
2026,121132,HYGIENE ET NATURE,1715010300046,1875348,Documentary review,2-Inspection order accepted,Contracted,2026-11-30,,,,MOULIN Clement,PME+,
2026,84556,LA BROSSE ET DUPONT,57213300700177,1875415,Annual inspection,2-Inspector's Infoportal,Contracted,2027-01-31,,,,MATHEY Stéphanie,PME+,
2024,194340,GLACES DE LYON   SAS,50902294300013,1575634,Initial inspection,4-Certification finished,Contracted,2024-06-30,2024-07-24,2024-07-24,2024-07-24,JOIE Alexis,PME+,2024-08-26
2026,46747,FRAIS EMINCES SARL,43161282900025,1875337,Documentary review,2-Inspector's Infoportal,Contracted,2026-09-30,,,,JOIE Alexis,PME+,
2022,253441,SALAISONS DE ST SAUVEUR,50043831200026,1255657,Documentary review,4-Certification finished,Contracted,2022-12-31,2023-02-01,2023-02-01,2023-02-01,MOULIN Clement,PME+,2023-02-16
2023,166668,FUNKY VEGGIE,82140786300025,1374561,Documentary review,4-Certification finished,Contracted,2023-08-31,2023-08-21,2023-08-22,2023-08-22,MOULIN Clement,PME+,2023-08-23
2023,254627,LA BROSSE ET DUPONT,69558198300092,,Additional inspection,1-Inspection order created,Not contracted,,,,,,PME+,
2023,84539,GENDREAU,34201072500022,1374385,Annual inspection,4-Certification finished,Contracted,2023-09-30,2023-10-05,2023-10-03,2023-10-05,MONVOISIN Louis,PME+,2023-11-28
2024,24054,BRASSERIE DUYCK SAS,40116220100024,1547746,Renewal audit,4-Certification finished,Contracted,2024-04-30,2024-04-12,2024-04-11,2024-04-12,BIA Elodie,PME+,2024-05-17
2023,201036,BIOFUTURE SAS,51311797800033,1374454,Annual inspection,4-Certification finished,Contracted,2023-09-30,2023-11-16,2023-11-16,2023-11-17,AUBERT Lorraine,PME+,2023-12-19
2022,222274,LES CAFÉS SATI,57850209800010,1132358,Renewal audit,4-Certification finished,Contracted,2022-09-30,2022-11-10,2022-11-09,2022-11-10,FORNEZZO Nathalie,PME+,2023-02-01
2023,221097,LECHEF,80976041600010,1374587,Documentary review,4-Certification finished,Contracted,2023-08-31,2023-09-04,2023-08-29,2023-08-29,MOULIN Clement,PME+,2023-08-29
2025,84547,HEIMBURGER,41047202100014,1617194,Documentary review,4-Certification finished,Contracted,2025-12-31,2026-03-04,2026-02-10,2026-02-10,MOULIN Clement,PME+,2026-02-10
2023,20031,BISCUITERIE DE L'ABBAYE SAS,37645002900016,1374604,Documentary review,4-Certification finished,Contracted,2023-12-31,2023-11-02,2023-10-20,2023-10-20,MENNETRET Laurent,PME+,2023-10-20
2025,67168,JEAN MARTIN SAS,31527063700012,1617459,Renewal audit,4-Certification finished,Contracted,2025-07-31,2025-09-12,2025-09-10,2025-09-11,HUSSON Sophie,PME+,2025-11-03
2026,247214,CLAVIERE SAS,38023057300020,1875314,Documentary review,2-Inspector's Infoportal,Contracted,2026-10-31,,,,BELLEAU Lucas,PME+,
2023,24447,LA RUCHE ROANNAISE BESACIER SA,40588005500034,1402703,Initial inspection,4-Certification finished,Contracted,2023-07-31,2023-07-10,2023-07-10,2023-07-10,SUDAN Severine,PME+,2023-08-21
2025,199225,GROUPE FRANCAISE DE GASTRONOMIE SA,55850337100160,1762703,Annual inspection,4-Certification finished,Contracted,2025-10-31,2025-10-17,2025-10-15,2025-10-17,FORNEZZO Nathalie,PME+,2025-11-03
2026,84571,LPA - LES P'TITS AMOUREUX SAS,41428075000020,1896890,Documentary review,2-Inspection order accepted,Contracted,2026-12-31,,,,PAINVIN Margaux,PME+,
2024,84631,ULMANN,58210775100031,1546873,Annual inspection,4-Certification finished,Contracted,2024-10-31,2024-10-08,2024-10-08,2024-10-09,MEYER Iman,PME+,2024-11-13
2026,20021,LE BRIN D'OLIVIER,42384213700014,1875356,Documentary review,4-Certification finished,Contracted,2026-01-31,2026-04-09,2026-04-14,2026-04-14,BELLEAU Lucas,PME+,2026-04-16
2025,267855,FDG group,49343990500032,1731635,Annual inspection,4-Certification finished,Contracted,2025-05-31,2025-05-21,2025-04-07,2025-05-21,MENNETRET Laurent,PME+,2025-06-10
2026,253025,GROUPE BARBA,31149225000064,1875343,Documentary review,2-Inspection order accepted,Contracted,2026-07-31,,,,JOIE Alexis,PME+,
2024,216702,RIVAZUR CAKES,61980411500027,1546818,Documentary review,4-Certification finished,Contracted,2024-11-30,2024-12-04,2024-12-03,2024-12-03,TABARY Thibaut,PME+,2024-12-03
2025,63679,ECOIDEES SAS,48072573800037,1617484,Initial inspection,4-Certification finished,Contracted,2025-05-31,2025-05-06,2025-05-06,2025-05-06,FORNEZZO Nathalie,PME+,2025-05-22
2022,84567,LES APICULTEURS ASSOCIÉS,39973186800010,1132660,Annual inspection,4-Certification finished,Contracted,2022-11-30,2022-10-18,2022-10-18,2022-10-18,MANDEL Gaëlle,PME+,2022-11-16
2025,108038,PRODUCTION LA PRADE SAS,38390742500029,1617546,Renewal audit,4-Certification finished,Contracted,2025-06-30,2025-07-08,2025-07-07,2025-07-08,RIVIERE Madline,PME+,2025-09-01
2025,101860,BIOGROUPE SAS,51880245900041,1617325,Documentary review,4-Certification finished,Contracted,2025-08-31,2025-09-04,2025-09-04,2025-09-04,MENNETRET Laurent,PME+,2025-09-09
2026,42951,CHICOREE DU NORD SARL,33383300200012,1890099,Renewal audit,2-Inspection order accepted,Contracted,2026-11-30,,,,MOULIN Clement,PME+,
2024,294748,BY WOMEN COMPANY,84502116100011,1574641,Initial inspection,4-Certification finished,Contracted,2024-06-30,2024-06-11,2024-06-11,2024-06-11,DE MEDTS Emilie,PME+,2024-06-20
2022,20004,ALPES BISCUITS,38219585700018,1416769,Renewal audit,4-Certification finished,Not contracted,2023-03-31,2023-03-17,2023-03-14,2023-03-17,SUDAN Severine,PME+,2023-10-13
2026,271315,MEDITERRANEAN FOOD SOLUTIONS SAS,75366031500056,1875598,Renewal audit,2-Inspection order accepted,Contracted,2026-11-30,,,,AUBERT Lorraine,PME+,
2026,66536,LES CHARCUTIERS D'ALSACE,33405277600039,1875504,Additional inspection,2-Inspector's Infoportal,Not contracted,2027-01-31,,,,FORNEZZO Nathalie,PME+,
2026,233854,UPCS (Groupe DEBROAS),41265481600021,1875424,Annual inspection,2-Inspector's Infoportal,Contracted,2026-10-31,,,,JOIE Alexis,PME+,
2022,21320,LAITERIE ST DENIS DE L'HOTEL - LSDH,8558149400029,1259330,Additional inspection,4-Certification finished,Contracted,,2022-09-30,2022-09-27,2022-09-30,MANDEL Gaëlle,PME+,2023-01-05
2026,153817,LA BROSSERIE FRANCAISE,78972600700014,1875353,Documentary review,2-Inspection order accepted,Contracted,2026-09-30,2026-07-17,,,BELLEAU Lucas,PME+,
2024,222274,LES CAFÉS SATI,57850209800010,1546883,Annual inspection,4-Certification finished,Contracted,2024-11-30,2024-10-18,2024-10-17,2024-10-18,FORNEZZO Nathalie,PME+,2024-11-22
2023,245828,LOC MARIA BISCUIT,37934015100057,,Additional inspection,1-Inspection order created,Not contracted,,,,,,PME+,
2024,253758,Natur'opéra,84954105700022,1569272,Documentary review,4-Certification finished,Contracted,2024-05-31,2024-06-04,2024-06-03,2024-06-03,SCART Hugo,PME+,2024-07-04
2026,101084,BRASSERIE DE BRETAGNE SAS,41867174900012,1875307,Documentary review,2-Inspection order accepted,Contracted,2026-03-31,2026-06-29,,,JOIE Alexis,PME+,
2024,301115,RAFFOLE,98090218300014,1605794,Initial inspection,4-Certification finished,Contracted,2024-11-30,2024-11-27,2024-12-11,2024-12-11,SCART Hugo,PME+,2024-12-11
2024,220006,BOYAUDERIE SISTERONNAISE,33425815900014,1546881,Annual inspection,4-Certification finished,Contracted,2024-09-30,2024-12-13,2024-12-23,2024-12-23,AUBERT Lorraine,PME+,2025-01-03
2025,67934,ESPRIT DU SEL SAS,39420218800063,1617097,Renewal audit,4-Certification finished,Contracted,2025-03-31,2025-04-30,2025-04-30,2025-04-30,MENNETRET Laurent,PME+,2025-09-19
2026,314413,BISCUITERIE EUGENE BLOND,40297092500036,1875302,Documentary review,2-Inspection order accepted,Contracted,2026-10-31,,,,PAINVIN Margaux,PME+,
2025,27809,CONSERVERIE BIOVIVER,34989119200024,1617036,Annual inspection,4-Certification finished,Contracted,2025-02-28,2025-03-21,2025-02-20,2025-02-21,MATHEY Stéphanie,PME+,2025-04-14
2022,84571,LPA - LES P'TITS AMOUREUX SAS,41428075000020,1207778,Documentary review,4-Certification finished,Contracted,2022-11-30,2023-01-16,2023-01-20,2023-01-20,MENNETRET Laurent,PME+,2023-01-20
2026,212983,LES GOUTS DU SUD   SAS,47924424600019,1875590,Renewal audit,4-Certification finished,Contracted,2026-03-31,2026-04-10,2026-04-09,2026-04-10,RIVIERE Madline,PME+,2026-05-18
2026,105894,ETS JEAN LOUIS BASSINET SAS,33999052500026,1875568,Renewal audit,3-Certification in progress,Contracted,2026-06-30,2026-06-25,2026-06-24,2026-06-24,MOSCA Audrey,PME+,
2022,84595,PMC LINGERIE,44461097600011,1199962,Documentary review,4-Certification finished,Contracted,2022-09-30,2022-11-30,2022-11-22,2022-11-22,MENNETRET Laurent,PME+,2022-11-22
2023,20077,BRASSERIE CASTELAIN,31525575200018,1374355,Annual inspection,4-Certification finished,Contracted,2023-06-15,2023-06-01,2023-05-31,2023-06-01,MOULIN Clement,PME+,2023-07-27
2023,114616,AGROBIOTHERS LABORATOIRE SA,30322950400020,1396720,Documentary review,4-Certification finished,Contracted,2023-04-30,2023-05-10,2023-05-10,2023-05-10,MOULIN Clement,PME+,2023-05-10
2025,253025,GROUPE BARBA,31149225000064,1749218,Initial inspection,4-Certification finished,Contracted,2025-07-31,2025-07-30,2025-07-29,2025-07-30,RIVIERE Madline,PME+,2025-09-04
2026,180053,REITZEL BRIAND,34746424000030,1875510,Additional inspection,2-Inspector's Infoportal,Not contracted,2026-12-31,,,,BELLEAU Lucas,PME+,
2025,2598,LES COTEAUX NANTAIS SAS,35142103700018,1617222,Renewal audit,4-Certification finished,Contracted,2025-05-31,2025-10-20,2025-10-20,2025-10-21,MILIN Francois,PME+,2025-11-20
2022,84465,AQUITAINE SPECIALITES,,1230321,Documentary review,4-Certification finished,Contracted,2022-04-30,2022-05-02,2022-06-21,2022-06-21,MENNETRET Laurent,PME+,2022-06-21
2025,124770,ALTERFOOD,51217542300015,1617421,Documentary review,4-Certification finished,Contracted,2026-01-31,2026-01-16,2026-01-16,2026-01-16,BELLEAU Lucas,PME+,2026-01-19
2023,84621,SOMAPRO,33518515300012,1374396,Annual inspection,4-Certification finished,Contracted,2023-11-30,2023-12-20,2023-12-20,2023-12-21,PROUST Marilyne,PME+,2024-02-16
2026,21952,CONFISERIE DU ROY RENE SAS,62162092100026,1875560,Renewal audit,2-Inspection order accepted,Contracted,2026-06-30,2026-06-26,,,AUBERT Lorraine,PME+,
2023,247577,SOCIETE FRANCAISE DE DIFFUSION DES VINAIGRES D'ORLEANS SAS,08608029800036,1379707,Initial inspection,4-Certification finished,Contracted,2023-03-31,2023-02-27,2023-02-27,2023-02-27,MANDEL Gaëlle,PME+,2023-03-27
2026,307162,SAS FIERS LMDGE,91357170900025,1875391,Documentary review,4-Certification finished,Contracted,2026-05-31,2026-05-31,2026-05-12,2026-05-12,MOULIN Clement,PME+,2026-05-18
2023,62851,BISCUITS BOUVARD SAS,75720010000027,1432794,Additional inspection,4-Certification finished,Contracted,2023-11-30,2023-11-07,2023-11-07,2023-11-07,SAULNIER Charline,PME+,2023-11-17
2024,84592,PERRIN VERMOT,30647461000020,1546805,Documentary review,4-Certification finished,Contracted,2024-10-31,2024-11-29,2025-01-28,2025-01-28,MOULIN Clement,PME+,2025-01-28
2024,250195,GRAIN DE SAIL,53886674000011,1546825,Documentary review,4-Certification finished,Contracted,2024-10-31,2024-12-18,2024-10-14,2024-10-14,SCART Hugo,PME+,2024-10-17
2026,20142,NATURGIE SAS,38348790700024,1875259,Documentary review,2-Inspection order accepted,Contracted,2026-09-30,2026-10-07,,,PAINVIN Margaux,PME+,
2025,82354,MARO-OCEANS,34184205200027,1760584,Documentary review,4-Certification finished,Contracted,2025-09-30,2025-09-30,2025-09-29,2025-10-01,PAINVIN Margaux,PME+,2025-10-13
2023,257627,COMPAGNIE DES PATISSIERS NORMANDIE,,1423741,Additional inspection,4-Certification finished,Not contracted,2023-06-30,2023-07-06,2023-07-06,2023-07-06,MOULIN Clement,PME+,2023-08-23
2024,121964,BRASSERIE DE VEZELAY SARL,53273732700025,1546840,Documentary review,4-Certification finished,Contracted,2024-11-30,2024-12-04,2024-12-04,2024-12-04,TABARY Thibaut,PME+,2024-12-11
2025,271315,MEDITERRANEAN FOOD SOLUTIONS SAS,75366031500056,1617431,Documentary review,4-Certification finished,Contracted,2025-11-30,2025-12-21,2026-02-13,2026-02-13,JOIE Alexis,PME+,2026-03-16
2025,300662,AMALRIC,53844948900045,1617358,Annual inspection,4-Certification finished,Contracted,2025-10-31,2025-11-28,2025-11-27,2025-11-28,PETIT Doriane,PME+,2026-01-05
2025,20955,LUCIEN GEORGELIN SARL,38251081600038,1768537,Documentary review,4-Certification finished,Contracted,2025-11-30,2025-10-29,2025-10-29,2025-10-29,PAINVIN Margaux,PME+,2025-11-03
2023,117404,BPA ANGERS SAS,32872594000030,1374602,Documentary review,4-Certification finished,Contracted,2023-11-30,2023-11-20,2023-11-20,2023-11-20,MENNETRET Laurent,PME+,2023-11-20
2024,257619,COMPAGNIE DES PATISSIERS,,1546922,Renewal audit,4-Certification finished,Contracted,2024-09-20,2024-09-10,2024-09-09,2024-09-10,AUBERT Lorraine,PME+,2024-09-25
2022,84593,Charcuterie PIERRE SCHMIDT,63850041300049,1218083,Annual inspection,4-Certification finished,Contracted,2023-02-28,2023-03-15,2023-03-14,2023-03-15,FORNEZZO Nathalie,PME+,2023-04-17
2025,65990,SODALIS France SA,,1752725,Renewal audit,4-Certification finished,Contracted,2025-11-30,2025-11-28,2025-11-28,2025-11-28,AUBERT Lorraine,PME+,2026-01-13
2025,102466,UN AIR D'ICI,43390249100029,1617437,Documentary review,4-Certification finished,Contracted,2025-07-31,2025-09-04,2025-09-22,2025-09-22,JOIE Alexis,PME+,2025-09-22
2023,102466,UN AIR D'ICI,43390249100029,1405715,Documentary review,4-Certification finished,Contracted,2023-06-30,2023-07-01,2023-08-31,2023-08-31,JOIE Alexis,PME+,2023-08-31
2022,84490,CIDRES LEBRUN,,1218082,Annual inspection,4-Certification finished,Contracted,2022-06-30,2022-07-05,2022-07-05,2022-07-05,MONVOISIN Louis,PME+,2023-02-23
2026,62851,BISCUITS BOUVARD SAS,75720010000027,1875407,Annual inspection,2-Inspection order accepted,Contracted,2026-10-31,,,,MOSCA Audrey,PME+,
2024,297398,GROUPE SAVEURS ET TRADITIONS CONSEIL,52929577600015,1585235,Initial inspection,4-Certification finished,Contracted,2024-07-31,2024-11-13,2024-11-12,2024-11-13,MOSCA Audrey,PME+,2024-12-03
2023,245843,MADEMOISELLE DE MARGAUX,44478403700020,,Additional inspection,1-Inspection order created,Not contracted,,,,,,PME+,
2024,132921,NEMECO SARL,40032621100051,1587605,Initial inspection,4-Certification finished,Contracted,2024-07-31,2024-07-08,2024-07-08,2024-07-08,DE MEDTS Emilie,PME+,2025-01-10
2025,20477,LAITERIE LE GALL,37638001000011,1617487,Annual inspection,4-Certification finished,Not contracted,2025-12-30,2025-12-12,2025-12-08,2025-12-08,MILIN Francois,PME+,2026-01-06
2025,166668,FUNKY VEGGIE,82140786300025,1617083,Documentary review,4-Certification finished,Contracted,2025-06-30,2025-06-05,2025-06-05,2025-06-05,BUTTIGIEG Karine,PME+,2025-06-06
2026,211432,"COLOR FOODS - SUN, LA FAVORITE",40770460000029,1875559,Renewal audit,2-Inspection order accepted,Contracted,2026-07-31,2026-06-29,,,AUBERT Lorraine,PME+,
2023,20307,CREPERIE  JARNOUX,38092733500030,1374431,Annual inspection,4-Certification finished,Contracted,2023-09-30,2023-09-12,2023-09-12,2023-09-12,MILIN Francois,PME+,2023-11-17
2026,20673,CHARLES & ALICE SASU,34768107400048,1875497,Additional inspection,2-Inspector's Infoportal,Not contracted,2026-09-30,,,,SUDAN Severine,PME+,
2025,84596,SARAPARTICIPATIONS,52859649700016,1617142,Renewal audit,4-Certification finished,Contracted,2026-01-31,2026-01-06,2026-01-06,2026-01-08,DUVAL Anaïs,PME+,2026-01-20
2026,167476,SARL BLOOMUP,52425386100016,1875614,Renewal audit,2-Inspection order accepted,Contracted,2026-05-31,2026-06-24,,,BELLEAU Lucas,PME+,
2024,253436,MAINJOLLE,41011163700055,1546893,Annual inspection,4-Certification finished,Contracted,2024-12-31,2024-04-02,2024-04-12,2024-04-12,EVEN Margaux,PME+,2024-04-25
2026,21568,FAMILLE MICHAUD APICULTEURS SA,77563811700033,1875335,Documentary review,2-Inspection order accepted,Contracted,2026-06-30,2026-07-13,,,JOIE Alexis,PME+,
2023,189053,CONSERVERIE AU BEC FIN   SAS,38307362400033,1384000,Initial inspection,4-Certification finished,Contracted,2023-03-31,2023-03-28,2023-03-28,2023-03-28,JOIE Alexis,PME+,2023-04-26
2025,291403,LES NOUVELLES PAILLES,88359637100012,1617315,Documentary review,4-Certification finished,Contracted,2025-02-28,2025-03-17,2025-02-13,2025-02-13,SCART Hugo,PME+,2025-02-14
2022,107061,ETABLISSEMENTS GIFFARD ET COMPAGNIE SA,5420021700013,1132842,Documentary review,4-Certification finished,Contracted,2022-11-30,2022-12-31,2023-01-16,2023-01-16,MOULIN Clement,PME+,2023-01-09
2023,84488,CONSERVERIE CHANCERELLE (À DOUARNENEZ),44314687300023,1374378,Annual inspection,4-Certification finished,Contracted,2023-09-30,2023-11-15,2023-11-13,2023-11-13,MATHEY Stéphanie,PME+,2024-01-24
2023,205075,BONBEC SHOW sas,44978663100019,1374402,Annual inspection,4-Certification finished,Contracted,2023-12-31,2023-12-07,2023-12-07,2023-12-07,RIVIERE Madline,PME+,2024-04-24
2023,84562,LARZUL,77545321000046,1381428,Annual inspection,4-Certification finished,Contracted,2023-03-31,2023-06-15,2023-06-15,2023-06-16,MONVOISIN Louis,PME+,2023-07-03
2024,300764,CRYSTAL ,48511501800015,1603541,Additional inspection,4-Certification finished,Contracted,2024-11-30,2024-11-26,2024-11-26,2024-11-26,MENNETRET Laurent,PME+,2024-12-23
2024,42951,CHICOREE DU NORD SARL,33383300200012,1546923,Renewal audit,4-Certification finished,Contracted,2024-11-30,2024-11-06,2024-11-06,2024-11-06,MOULIN Clement,PME+,2024-12-13
2024,25356,SABAROT WASSNER,58575081300040,1546849,Annual inspection,4-Certification finished,Contracted,2024-05-31,2024-06-13,2024-06-12,2024-06-13,RIVIERE Madline,PME+,2024-07-19
2023,2598,LES COTEAUX NANTAIS SAS,35142103700018,1374457,Annual inspection,4-Certification finished,Contracted,2023-03-31,2023-05-25,2023-05-25,2023-05-26,MILIN Francois,PME+,2023-07-11
2025,21004,MARIE MORIN FRANCE SAS,33985193300020,1617231,Renewal audit,4-Certification finished,Contracted,2025-11-30,2025-11-03,2025-11-03,2025-11-04,MILIN Francois,PME+,2025-12-16
2025,110728,STOEFFLER,91642033400127,1724712,Additional inspection,4-Certification finished,Not contracted,2025-06-30,2025-09-03,2025-09-03,2025-09-03,SIMON Elisa,PME+,2025-09-18
2026,300910,LES QUATRE SAISONS,34795652600037,1875593,Renewal audit,2-Inspection order accepted,Contracted,2026-10-31,,,,MOULIN Clement,PME+,
2025,160665,CACOLAC SAS,45620239900048,1617461,Renewal audit,4-Certification finished,Contracted,2025-06-30,2025-06-17,2025-06-17,2025-06-18,CONVERT Mélissa,PME+,2025-07-28
2026,295030,KROKOLA,88498325500016,1875584,Renewal audit,2-Inspector's Infoportal,Contracted,2026-06-30,,,,RIVIERE Madline,PME+,
2024,84621,SOMAPRO,33518515300012,1546809,Documentary review,4-Certification finished,Contracted,2024-11-30,2024-12-13,2024-12-16,2024-12-16,TABARY Thibaut,PME+,2024-12-17
2024,247577,SOCIETE FRANCAISE DE DIFFUSION DES VINAIGRES D'ORLEANS SAS,08608029800036,1546824,Documentary review,4-Certification finished,Contracted,2024-03-31,2024-03-13,2024-02-19,2024-02-19,MOULIN Clement,PME+,2024-02-23
2023,247838,PAGES VEDRENNE,35382104400198,1431457,Additional inspection,4-Certification finished,Not contracted,2023-09-30,2023-09-19,2023-09-19,2023-09-19,EVEN Margaux,PME+,2023-10-30
2022,20022,BALARAMA SAS,80968125700014,1246027,Initial inspection,4-Certification finished,Contracted,2022-07-31,2022-07-28,2022-07-28,2022-07-28,MENNETRET Laurent,PME+,2022-09-05
2023,20636,BOEHLI SAS,41523042400020,1374430,Annual inspection,4-Certification finished,Contracted,2023-05-31,2023-06-08,2023-06-07,2023-06-08,DENIS Coralie,PME+,2023-07-21
2022,84565,LE COQ NOIR,31620394200024,1255662,Documentary review,4-Certification finished,Contracted,2022-11-30,2022-12-15,2022-12-22,2022-12-22,MOULIN Clement,PME+,2022-12-22
2024,50597,ALPHA NUTRITION SARL,45015773000026,1731821,Additional inspection,4-Certification finished,Contracted,2024-12-31,2024-12-11,2024-12-11,2024-12-11,MATHEY Stéphanie,PME+,2025-02-25
2025,84560,L'ANGELYS,40470198900034,1617195,Documentary review,4-Certification finished,Contracted,2025-11-30,2025-11-30,2025-12-16,2025-12-16,MOULIN Clement,PME+,2025-12-17
2022,84507,CROC FRAIS,41954485300049,1258728,Documentary review,4-Certification finished,Contracted,2022-11-30,2022-11-28,2023-01-23,2023-01-23,MENNETRET Laurent,PME+,2023-01-23
2022,123102,BRASSERIE LARCHE SARL,48516880100036,1208522,Initial inspection,4-Certification finished,Contracted,2022-02-28,2022-02-17,2022-02-17,2022-02-17,GHEERAERT Noemie,PME+,2022-09-29
2026,84549,IDEAL,97150286900037,1875349,Documentary review,4-Certification finished,Contracted,2026-05-31,2026-05-25,2026-05-13,2026-05-13,PAINVIN Margaux,PME+,2026-05-18
2026,214068,AQUALIS SEAFOOD,41374797300035,1875544,Renewal audit,2-Inspection order accepted,Contracted,2026-10-31,,,,RIVIERE Madline,PME+,
2026,216702,RIVAZUR CAKES,61980411500027,1875386,Documentary review,2-Inspection order accepted,Contracted,2026-11-30,,,,PAINVIN Margaux,PME+,
2025,116623,DACO FRANCE SA,30048291600032,1617363,Renewal audit,4-Certification finished,Contracted,2025-11-30,2025-10-09,2025-10-08,2025-10-09,BELLEAU Lucas,PME+,2025-11-18
2026,2598,LES COTEAUX NANTAIS SAS,35142103700018,1875264,Documentary review,2-Inspector's Infoportal,Contracted,2026-10-31,,,,BUTTIGIEG Karine,PME+,
2024,84594,PIZZA DE MANOSQUE,38341491900027,1546806,Documentary review,4-Certification finished,Contracted,2024-05-31,2024-07-31,2024-08-12,2024-08-13,JOIE Alexis,PME+,2024-08-26
2025,306621,LECHEF BRETAGNE INTERNATIONAL,82038874200018,1742650,Initial inspection,4-Certification finished,Contracted,2025-06-30,2025-06-13,2025-06-13,2025-06-13,DANGY Antoine,PME+,2025-12-11
2025,167739,OCCITANE PLATS CUISINES SAS,80378260600021,1751063,Initial inspection,4-Certification finished,Contracted,2025-05-14,2025-07-10,2025-07-09,2025-07-10,RIVIERE Madline,PME+,2025-09-10
2022,183726,GREEN FAMILY,52977758300046,1208129,Renewal audit,4-Certification finished,Contracted,2022-01-31,2022-05-24,2022-05-24,2022-05-24,GHEERAERT Noemie,PME+,2022-06-13
2023,66278,MANOIR DES ABEILLES EURL,44358355400029,1432001,Initial inspection,4-Certification finished,Contracted,2023-09-30,2023-09-22,2023-09-21,2023-09-22,SCART Hugo,PME+,2023-11-10
2022,110728,STOEFFLER,91642033400127,1132644,Annual inspection,4-Certification finished,Not contracted,2023-03-15,2023-03-15,2023-03-15,2023-03-16,SCART Hugo,PME+,2023-04-17
2025,62426,TREO,41420362000052,1617129,Renewal audit,4-Certification finished,Contracted,2025-09-30,2025-09-17,2025-09-17,2025-09-17,PETIT Doriane,PME+,2025-10-10
2026,298993,CONSERVERIE DU SUD,30491543200021,1875562,Renewal audit,2-Inspector's Infoportal,Contracted,2026-10-31,,,,TOUBOUL Julien,PME+,
2023,238889,NINKASI FABRIQUES,42395306600010,1365797,Initial inspection,4-Certification finished,Contracted,2023-03-31,2023-03-07,2023-03-06,2023-03-07,MAURIER Sabine,PME+,2023-03-15
2026,216435,COOKIE CREATIONS,34061091400038,1875319,Documentary review,4-Certification finished,Contracted,2026-02-28,2026-02-27,2026-03-04,2026-03-05,JOIE Alexis,PME+,2026-03-06
2023,257619,COMPAGNIE DES PATISSIERS,,1374420,Annual inspection,4-Certification finished,Contracted,2023-07-06,2023-07-06,2023-07-04,2023-07-04,RIVIERE Madline,PME+,2023-09-25
2024,293582,SAS CELTIGEL,49698022800027,1570958,Additional inspection,4-Certification finished,Not contracted,2024-09-30,2024-09-10,2024-09-10,2024-09-10,MILIN Francois,PME+,2024-11-05
2023,84510,DE CLERMONT,42143784900019,1374383,Annual inspection,4-Certification finished,Contracted,2023-12-31,2024-03-07,2024-03-07,2024-03-07,JOIE Alexis,PME+,2024-06-11
2026,183955,DEVINEAU,85780399300040,1875328,Documentary review,2-Inspection order accepted,Contracted,2026-01-31,2026-06-27,,,JOIE Alexis,PME+,
2024,84590,BAILLON ET COMPAGNIE,30582580400027,1546804,Documentary review,4-Certification finished,Contracted,2024-10-31,2024-12-04,2024-12-11,2024-12-11,TABARY Thibaut,PME+,2024-12-13
2023,63578,MULOT ET PETITJEAN SA,01575153000013,1374554,Documentary review,4-Certification finished,Contracted,2023-05-31,2023-08-07,2023-09-07,2023-09-07,DE MEDTS Emilie,PME+,2023-09-11
2026,321192,BONNEVAL EMERGENCE,50749690900049,1907205,Initial inspection,2-Inspector's Infoportal,Contracted,2026-11-30,,,,SUDAN Severine,PME+,
2026,84548,HUILE CAUVIN,33258749200023,1875347,Documentary review,2-Inspection order accepted,Contracted,2026-07-31,,,,JOIE Alexis,PME+,
2026,20101,LEROUX SAS,4575081700012,1875359,Documentary review,2-Inspection order accepted,Contracted,2026-09-30,,,,MOULIN Clement,PME+,
2025,264641,CULTURE POM,49949540600021,1617314,Documentary review,4-Certification finished,Contracted,2025-07-31,2025-07-28,2025-07-29,2025-07-29,PAINVIN Margaux,PME+,2025-08-11
2026,192231,GROUPE LE GRAET,38466458700035,1875578,Renewal audit,2-Inspection order accepted,Contracted,2026-09-30,2026-09-28,,,DUVAL Anaïs,PME+,
2026,188498,LOC MARIA BISCUITS,48310030100033,1875417,Annual inspection,2-Inspection order accepted,Contracted,2026-11-30,,,,DUVAL Anaïs,PME+,
2023,188498,LOC MARIA BISCUITS,48310030100033,1374642,Renewal audit,4-Certification finished,Contracted,2023-08-31,2023-12-06,2023-12-06,2023-12-08,MILIN Francois,PME+,2024-01-31
2022,211432,"COLOR FOODS - SUN, LA FAVORITE",40770460000029,1199194,Initial inspection,4-Certification finished,Contracted,2022-06-30,2022-06-15,2022-06-14,2022-06-15,RIVIERE Madline,PME+,2022-07-26
2024,124770,ALTERFOOD,51217542300015,1546856,Annual inspection,4-Certification finished,Contracted,2024-10-31,2024-10-16,2024-10-16,2024-10-16,MENNETRET Laurent,PME+,2024-10-18
2023,21567,NATURALIM France Miel SAS,38863525200033,1437050,Initial inspection,4-Certification finished,Contracted,2023-12-31,2023-12-11,2023-12-11,2023-12-12,MOULIN Clement,PME+,2024-01-12
2024,284388,Patisserie Beurlay,42969802000014,1548975,Documentary review,4-Certification finished,Contracted,2024-10-31,2024-10-31,2024-10-25,2024-10-25,TABARY Thibaut,PME+,2024-10-25
2026,66278,MANOIR DES ABEILLES EURL,44358355400029,1875369,Documentary review,2-Inspection order accepted,Contracted,2026-09-30,2026-10-08,,,PAINVIN Margaux,PME+,
2024,84515,EMINENCE,35016912400020,1573877,Renewal audit,4-Certification finished,Contracted,2024-09-30,2024-07-29,2024-07-29,2024-07-31,MEYER Iman,PME+,2024-09-09
2022,254059,FROMAGERIE LINCET,95750287000021,1104638,Initial inspection,4-Certification finished,Contracted,2021-01-11,2022-01-13,2022-01-11,2022-01-13,GHEERAERT Noemie,PME+,2022-02-28
2026,253436,MAINJOLLE,41011163700055,1875595,Renewal audit,3-Inspection finished - Pool,Contracted,2026-03-31,2026-04-16,2026-04-16,2026-04-16,MAGNAN Céline,PME+,
2026,84621,SOMAPRO,33518515300012,1875395,Documentary review,2-Inspection order accepted,Contracted,2026-11-30,,,,PAINVIN Margaux,PME+,
2023,289290,JEAN LARNAUDIE,41025258900024,1449412,Initial inspection,4-Certification finished,Contracted,2024-03-31,2024-03-19,2024-03-19,2024-03-20,DE BELLABRE Maïka,PME+,2024-04-11
2026,37018,LA COMPAGNIE DU BISCUIT,45520300000027,1897026,Additional inspection,2-Inspection order accepted,Not contracted,2026-10-31,,,,MOSCA Audrey,PME+,
2023,84619,SILL,63622022000017,1374395,Annual inspection,4-Certification finished,Contracted,2023-12-08,2023-12-05,2023-12-05,2023-12-06,MONVOISIN Louis,PME+,2023-12-22
2023,84599,RICA LEWIS,,1406108,Renewal audit,4-Certification finished,Contracted,2023-10-31,2023-10-23,2023-11-23,2023-11-23,HUSSON Sophie,PME+,2024-02-14
2022,20021,LE BRIN D'OLIVIER,42384213700014,1218073,Annual inspection,4-Certification finished,Contracted,2023-01-31,2023-01-26,2023-01-26,2023-01-26,RIVIERE Madline,PME+,2023-04-04
2025,20203,CERECO SAS,38136495900027,1617488,Renewal audit,4-Certification finished,Contracted,2025-06-30,2025-10-23,2025-10-21,2025-10-23,DUVAL Anaïs,PME+,2025-11-27
2022,116623,DACO FRANCE SA,30048291600032,1132824,Documentary review,4-Certification finished,Contracted,2022-11-30,2023-02-20,2023-02-09,2023-02-09,JOIE Alexis,PME+,2023-02-09
2026,265308,Heritage,90795192500037,1875344,Documentary review,2-Inspection order accepted,Contracted,2026-04-30,2026-07-06,,,JOIE Alexis,PME+,
2025,188498,LOC MARIA BISCUITS,48310030100033,1617490,Renewal audit,4-Certification finished,Contracted,2026-02-28,2026-02-10,2026-02-09,2026-02-10,DUVAL Anaïs,PME+,2026-03-11
2026,64176,REITZEL BRIAND,34746424000063,1875607,Renewal audit,2-Inspector's Infoportal,Contracted,2026-12-31,,,,BELLEAU Lucas,PME+,
2023,271315,MEDITERRANEAN FOOD SOLUTIONS SAS,75366031500056,1374601,Documentary review,4-Certification finished,Contracted,2023-11-30,2023-12-08,2023-12-20,2023-12-20,MEYER Iman,PME+,2023-12-22
2023,21320,LAITERIE ST DENIS DE L'HOTEL - LSDH,8558149400029,1374650,Renewal audit,4-Certification finished,Contracted,2023-09-30,2023-10-09,2023-10-13,2023-10-18,MATHEY Stéphanie,PME+,2023-12-04
2026,84505,CREA,35020513400025,1875564,Renewal audit,2-Inspector's Infoportal,Contracted,2026-09-30,,,,SUDAN Severine,PME+,
2026,117404,BPA ANGERS SAS,32872594000030,1875550,Renewal audit,2-Inspector's Infoportal,Contracted,2026-11-30,,,,VIGNAUD Margaux,PME+,
2025,247649,PAGES VEDRENNE,35382104400131,1617446,Renewal audit,4-Certification finished,Contracted,2025-09-30,2026-01-30,2025-12-01,2026-01-30,JOIE Alexis,PME+,2026-05-06
2026,131192,LABORATOIRE FRANCE BEBE NUTRITION,39956993800026,1875585,Renewal audit,2-Inspection order accepted,Contracted,2026-07-31,2026-08-25,,,MOULIN Clement,PME+,
2025,131192,LABORATOIRE FRANCE BEBE NUTRITION,39956993800026,1617080,Documentary review,4-Certification finished,Contracted,2025-07-31,2025-09-15,2025-09-15,2025-09-15,PAINVIN Margaux,PME+,2025-09-15
2024,107061,ETABLISSEMENTS GIFFARD ET COMPAGNIE SA,5420021700013,1546756,Documentary review,4-Certification finished,Contracted,2025-01-31,2024-12-11,2025-01-20,2025-01-20,SCART Hugo,PME+,2025-01-21
2024,252772,SODIPORC,73182014800039,1546826,Documentary review,4-Certification finished,Contracted,2024-10-30,2024-11-25,2024-11-06,2024-11-06,TABARY Thibaut,PME+,2024-11-08
2025,84479,BRETZEL BURGARD SAS,43777366600122,1617191,Documentary review,4-Certification finished,Contracted,2025-09-30,2025-11-14,2025-11-04,2025-11-04,MOULIN Clement,PME+,2025-11-06
2025,84488,CONSERVERIE CHANCERELLE (À DOUARNENEZ),44314687300023,1617390,Renewal audit,4-Certification finished,Contracted,2025-09-30,2025-12-17,2025-12-15,2025-12-16,MATHEY Stéphanie,PME+,2026-01-08
2025,245839,LOC MARIA,37934015100107,1762700,Additional inspection,4-Certification finished,Not contracted,2026-02-28,2026-02-05,2026-02-05,2026-02-06,BRONDEX Elodie,PME+,2026-03-11
2022,84631,ULMANN,58210775100031,1207867,Annual inspection,4-Certification finished,Contracted,2022-03-31,2022-08-25,2022-08-25,2022-08-26,GHEERAERT Noemie,PME+,2022-09-13
2026,63578,MULOT ET PETITJEAN SA,01575153000013,1875600,Renewal audit,4-Certification finished,Contracted,2026-07-31,2026-06-10,2026-06-10,2026-06-10,BRONDEX Elodie,PME+,2026-06-18
2025,297400,CONFIT DE PROVENCE,31968932900021,1617435,Documentary review,4-Certification finished,Contracted,2025-08-31,2025-09-29,2025-11-14,2025-11-14,JOIE Alexis,PME+,2025-11-19
2023,84548,HUILE CAUVIN,33258749200023,1374386,Annual inspection,4-Certification finished,Contracted,2023-08-31,2023-08-01,2023-07-31,2023-08-01,JOIE Alexis,PME+,2023-10-16
2026,101860,BIOGROUPE SAS,51880245900041,1875518,Renewal audit,2-Inspector's Infoportal,Contracted,2026-08-31,,,,MENNETRET Laurent,PME+,
2025,20424,ROSTAIN   SAS,39977943800031,1617449,Renewal audit,4-Certification finished,Contracted,2025-10-31,2025-11-21,2025-11-20,2026-01-08,JOIE Alexis,PME+,2026-03-30
2024,84514,DRAGEES REYNAUD,31533534900017,1546797,Documentary review,4-Certification finished,Contracted,2024-09-30,2024-09-26,2024-09-11,2024-09-11,SCART Hugo,PME+,2024-09-12
2023,84578,MIEL CRETET,48304492100011,1374576,Documentary review,4-Certification finished,Contracted,2023-10-31,2023-09-30,2023-10-02,2023-10-02,DE MEDTS Emilie,PME+,2023-10-02
2026,23944,FRANCE CAKE TRADITION,38274643600023,1875521,Renewal audit,2-Inspection order accepted,Contracted,2026-08-31,2026-07-01,,,BELLEAU Lucas,PME+,
2023,184603,PRUNIER  SAS,34905002100022,1374375,Annual inspection,4-Certification finished,Contracted,2023-10-31,2023-10-11,2023-10-11,2023-10-12,NOURY Pierre-Alexandre,PME+,2023-11-14
2026,21004,MARIE MORIN FRANCE SAS,33985193300020,1875370,Documentary review,2-Inspection order accepted,Contracted,2026-11-30,,,,PAINVIN Margaux,PME+,
2026,84596,SARAPARTICIPATIONS,52859649700016,1875420,Annual inspection,2-Inspection order accepted,Contracted,2027-01-31,,,,DUVAL Anaïs,PME+,
2026,301081,FOODIZ SOLUTIONS,53445511800040,1875570,Renewal audit,2-Inspector's Infoportal,Contracted,2026-10-31,,,,BIA Elodie,PME+,
2022,84635,YOOJI,75371892300026,1218068,Annual inspection,4-Certification finished,Contracted,2022-11-30,2022-11-17,2022-11-17,2022-11-18,DE BELLABRE Maïka,PME+,2022-12-08
2024,20955,LUCIEN GEORGELIN SARL,38251081600038,1567986,Annual inspection,4-Certification finished,Contracted,2024-12-24,2024-12-04,2024-12-02,2024-12-04,DE BELLABRE Maïka,PME+,2025-02-06
2025,313271,MIDIFLORE PLANTES AROMATIQUES,49086449300013,1762255,Initial inspection,4-Certification finished,Contracted,2025-09-30,2025-09-22,2025-09-22,2025-09-22,CUSTOJA Marie,PME+,2025-11-13
2025,84509,DANIEL CADIOU,38853243400015,1617228,Renewal audit,4-Certification finished,Contracted,2025-10-31,2025-10-06,2025-10-06,2025-10-06,MILIN Francois,PME+,2025-10-17
2022,257619,COMPAGNIE DES PATISSIERS,,1199950,Initial inspection,4-Certification finished,Contracted,2022-02-28,2022-05-11,2022-05-10,2022-05-11,RIVIERE Madline,PME+,2022-06-14
2023,24664,PAGES SAS,34159403400017,1374423,Documentary review,4-Certification finished,Contracted,2023-09-30,2023-10-05,2023-10-04,2023-10-04,MENNETRET Laurent,PME+,2023-10-04
2023,84489,CHARBONNEAUX BRABANT,33578220700013,1374643,Renewal audit,4-Certification finished,Contracted,2023-11-30,2023-12-14,2023-12-13,2023-12-14,FORNEZZO Nathalie,PME+,2024-01-19
2024,65990,SODALIS France SA,,1546836,Documentary review,4-Certification finished,Contracted,2024-11-30,2024-12-15,2024-12-19,2024-12-19,TABARY Thibaut,PME+,2024-12-19
2025,150532,BISCUITERIE FINE DE FRANCE,34954336300023,1617543,Renewal audit,4-Certification finished,Contracted,2025-07-11,2025-07-10,2025-07-10,2025-07-10,TOUBOUL Julien,PME+,2025-07-29
2024,84588,ODNV,37748122100044,1546871,Annual inspection,4-Certification finished,Contracted,2024-09-30,2024-10-18,2024-10-17,2024-10-18,MILIN Francois,PME+,2024-12-02
2026,179209,DES EAUX MINERALES DE RIBEAUVILLE,91542023600019,1875327,Documentary review,2-Inspector's Infoportal,Contracted,2026-11-30,,,,BUTTIGIEG Karine,PME+,
2025,306272,Cafés Factorerie,38022213300049,1733211,Initial inspection,4-Certification finished,Contracted,2025-04-30,2025-04-08,2025-04-08,2025-04-08,SCART Hugo,PME+,2025-04-23
2025,20412,VITAMONT SA,32867805700022,1617519,Documentary review,4-Certification finished,Contracted,2025-10-31,2025-10-24,2025-10-24,2025-10-24,BUTTIGIEG Karine,PME+,2025-10-24
2025,85286,HIRUAK,30055861600011,1617479,Renewal audit,4-Certification finished,Contracted,2025-09-30,2025-10-16,2025-10-16,2025-10-16,CONVERT Mélissa,PME+,2025-11-03
2022,66851,BISCUITERIE DE PROVENCE SA,38238136600048,1132683,Annual inspection,4-Certification finished,Contracted,2022-01-31,2022-07-27,2022-07-26,2022-07-27,RIVIERE Madline,PME+,2022-10-06
2022,84477,BIOPLANTS,52772723400033,1132764,Annual inspection,4-Certification finished,Contracted,2022-11-30,2022-10-18,2022-10-18,2022-10-19,SAULNIER Charline,PME+,2022-12-14
2022,84594,PIZZA DE MANOSQUE,38341491900027,1229978,Documentary review,4-Certification finished,Contracted,2022-06-30,2022-07-12,2022-07-12,2022-07-12,TABARY Thibaut,PME+,2022-07-12
2024,184603,PRUNIER  SAS,34905002100022,1546785,Documentary review,4-Certification finished,Contracted,2024-11-30,2024-12-15,2024-12-13,2024-12-13,TABARY Thibaut,PME+,2024-12-13
2022,271315,MEDITERRANEAN FOOD SOLUTIONS SAS,75366031500056,1264334,Initial inspection,4-Certification finished,Contracted,2022-11-30,2022-11-15,2022-11-15,2022-11-15,HUSSON Sophie,PME+,2022-12-19
2022,24054,BRASSERIE DUYCK SAS,40116220100024,1205455,Initial inspection,4-Certification finished,Contracted,2022-03-31,2022-03-29,2022-03-28,2022-03-29,BIA Elodie,PME+,2022-04-19
2025,153817,LA BROSSERIE FRANCAISE,78972600700014,1754772,Renewal audit,4-Certification finished,Contracted,2025-08-31,2025-09-18,2025-09-18,2025-09-18,MATHEY Stéphanie,PME+,2025-10-10
2026,294422,COMPAGNIE DU BICARBONATE,520082405,1900812,Renewal audit,2-Inspector's Infoportal,Contracted,2026-07-31,,,,MATHEY Stéphanie,PME+,
2024,160665,CACOLAC SAS,45620239900048,1546780,Documentary review,4-Certification finished,Contracted,2024-07-18,2024-07-18,2024-07-18,2024-07-18,MOULIN Clement,PME+,2024-07-18
2026,24086,VINAIGRERIE GENERALE,40008655900012,1875621,Renewal audit,4-Certification finished,Contracted,2026-04-30,2026-04-21,2026-04-21,2026-04-21,CONVERT Mélissa,PME+,2026-05-26
2024,84510,DE CLERMONT,42143784900019,1546796,Documentary review,4-Certification finished,Contracted,2025-02-28,2025-02-25,2025-02-27,2025-02-27,SCART Hugo,PME+,2025-03-04
2026,20031,BISCUITERIE DE L'ABBAYE SAS,37645002900016,1875547,Renewal audit,2-Inspector's Infoportal,Contracted,2026-11-30,,,,NOURY Pierre-Alexandre,PME+,
2024,67168,JEAN MARTIN SAS,31527063700012,1546766,Documentary review,4-Certification finished,Contracted,2024-07-31,2024-07-28,2024-07-26,2024-07-26,MOULIN Clement,PME+,2024-07-26
2025,177177,ALFAGEL SAS,47998353800022,1742341,Initial inspection,4-Certification finished,Contracted,2025-07-31,2025-09-25,2025-09-25,2025-09-25,CUSTOJA Marie,PME+,2025-10-14
2026,84488,CONSERVERIE CHANCERELLE (À DOUARNENEZ),44314687300023,1875318,Documentary review,2-Inspection order accepted,Contracted,2026-10-31,,,,MOULIN Clement,PME+,
2024,207090,Roches Blanches,53303039100015,1546814,Documentary review,4-Certification finished,Contracted,2024-10-31,2024-11-28,2024-11-28,2024-11-28,TABARY Thibaut,PME+,2024-12-11
2026,183149,MAISON ROUSTIT   SAS,32072245700035,1909349,Initial inspection,2-Inspection order accepted,Contracted,2026-06-30,2026-06-09,,,RIVIERE Madline,PME+,
2025,314413,BISCUITERIE EUGENE BLOND,40297092500036,1772802,Initial inspection,4-Certification finished,Contracted,2025-10-31,2025-11-12,2025-11-12,2025-11-12,MATHEY Stéphanie,PME+,2025-12-23
2025,80371,FRESH FOOD VILLAGE,38791777600107,1772817,Documentary review,4-Certification finished,Contracted,2025-10-31,2025-11-24,2025-12-12,2025-12-12,PAINVIN Margaux,PME+,2026-01-13
2023,254060,NOUVELLE FROMAGERIE DE VAUDES,48005729800014,,Additional inspection,1-Inspection order created,Not contracted,,,,,,PME+,
2022,203932,CSP Paris Fashion Group,41031726700038,1132670,Annual inspection,4-Certification finished,Contracted,2022-11-30,2022-10-06,2022-10-05,2022-10-12,JOIE Alexis,PME+,2022-12-16
2026,20424,ROSTAIN   SAS,39977943800031,1891961,Documentary review,2-Inspection order accepted,Contracted,2026-10-31,,,,PAINVIN Margaux,PME+,
2025,156511,BORDE SAS,78826729200043,1617306,Documentary review,4-Certification finished,Contracted,2025-01-31,2025-03-12,2025-02-27,2025-02-27,MENNETRET Laurent,PME+,2025-02-27
2025,20307,CREPERIE  JARNOUX,38092733500030,1617227,Renewal audit,4-Certification finished,Contracted,2025-10-31,2025-11-26,2025-11-26,2025-11-27,MILIN Francois,PME+,2026-01-05
2025,298993,CONSERVERIE DU SUD,30491543200021,1617202,Documentary review,4-Certification finished,Contracted,2025-11-30,2025-11-28,2025-11-28,2025-11-28,MOULIN Clement,PME+,2025-12-08
2025,84505,CREA,35020513400025,1617425,Documentary review,4-Certification finished,Contracted,2025-09-30,2026-01-18,2026-01-07,2026-01-07,JOIE Alexis,PME+,2026-01-07
2024,254059,FROMAGERIE LINCET,95750287000021,1546921,Renewal audit,4-Certification finished,Contracted,2024-03-31,2024-03-29,2024-03-26,2024-03-29,PROUST Marilyne,PME+,2024-04-22
2025,84480,BRIOCHES FONTENEAU,32810477300010,1617085,Documentary review,4-Certification finished,Contracted,2025-11-30,2025-11-07,2025-11-07,2025-11-07,PAINVIN Margaux,PME+,2025-11-18
2025,84510,DE CLERMONT,42143784900019,1617443,Renewal audit,3-Certification in progress,Contracted,2026-01-31,2026-02-18,2026-02-18,2026-02-18,SUDAN Severine,PME+,
2022,240407,LEA NATURE SERVICES ,40995752900038,1218072,Renewal audit,4-Certification finished,Contracted,2022-10-07,2022-09-30,2022-09-26,2022-09-28,MAGNAN Céline,PME+,2022-12-09
2025,36293,CHARCUTERIE DU BLAVET,42169149400023,1617082,Documentary review,4-Certification finished,Contracted,2025-11-30,2025-11-17,2025-10-29,2025-10-29,BELLEAU Lucas,PME+,2025-11-03
2023,107061,ETABLISSEMENTS GIFFARD ET COMPAGNIE SA,5420021700013,1374348,Annual inspection,4-Certification finished,Contracted,2024-01-31,2024-02-01,2024-02-01,2024-02-02,SAULNIER Charline,PME+,2024-02-13
2025,294393,SRDI,44412577700029,1617360,Documentary review,4-Certification finished,Contracted,2025-07-31,2025-07-18,2025-07-08,2025-07-08,MOULIN Clement,PME+,2025-07-11
2026,177177,ALFAGEL SAS,47998353800022,1875297,Documentary review,2-Inspector's Infoportal,Contracted,2026-09-30,,,,JOIE Alexis,PME+,
2022,84634,WATTWILLER,38361630700013,1132812,Documentary review,4-Certification finished,Contracted,2022-10-31,2022-10-31,2022-12-12,2022-12-12,MOULIN Clement,PME+,2023-01-13
2025,84507,CROC FRAIS,41954485300049,1617207,Renewal audit,4-Certification finished,Contracted,2025-10-31,2025-10-30,2025-10-29,2025-10-30,MOULIN Clement,PME+,2025-12-03
2025,168876,MAISON MARLERE SAS,53078000600025,1744958,Renewal audit,4-Certification finished,Contracted,2025-09-30,2025-08-21,2025-08-27,2025-08-27,CONVERT Mélissa,PME+,2025-09-16
2022,267855,FDG group,49343990500032,1254276,Initial inspection,4-Certification finished,Contracted,2022-08-31,2022-09-02,2022-08-31,2022-09-02,SCART Hugo,PME+,2022-10-05
2023,267855,FDG group,49343990500032,1394557,Additional inspection,4-Certification finished,Contracted,2023-03-31,2023-03-15,2023-03-15,2023-03-15,MENNETRET Laurent,PME+,2023-03-17
2022,63578,MULOT ET PETITJEAN SA,01575153000013,1218070,Annual inspection,4-Certification finished,Contracted,2022-06-30,2022-06-07,2022-06-07,2022-06-08,GHEERAERT Noemie,PME+,2022-07-09
2022,84499,COMPAGNIE DU MIDI,3732059500020,1242304,Documentary review,4-Certification finished,Contracted,2022-04-30,2022-04-30,2022-08-02,2022-08-02,MENNETRET Laurent,PME+,2022-08-02
2025,84499,COMPAGNIE DU MIDI,3732059500020,1617508,Renewal audit,4-Certification finished,Contracted,2025-06-30,2025-09-09,2025-09-08,2025-09-09,CUSTOJA Marie,PME+,2025-10-10
2026,194483,MACEO GROUPE SAS,35066817400054,1904227,Initial inspection,2-Inspector's Infoportal,Contracted,2026-06-30,2026-06-11,,,MATHEY Stéphanie,PME+,
2026,84514,DRAGEES REYNAUD,31533534900017,1875329,Documentary review,2-Inspection order accepted,Contracted,2026-09-30,,,,BELLEAU Lucas,PME+,
2023,25356,SABAROT WASSNER,58575081300040,1374555,Documentary review,4-Certification finished,Contracted,2023-05-31,2023-07-10,2023-07-10,2023-07-10,DE MEDTS Emilie,PME+,2023-07-10
2024,199400,SAINT BERNARD SAS,43196744700019,1546876,Annual inspection,4-Certification finished,Contracted,2024-11-30,2024-11-20,2024-11-20,2024-11-21,MEYER Iman,PME+,2025-01-21
2025,21320,LAITERIE ST DENIS DE L'HOTEL - LSDH,8558149400029,1617323,Annual inspection,4-Certification finished,Contracted,2026-04-04,2026-04-01,2026-03-18,2026-04-01,MENNETRET Laurent,PME+,2026-04-17
2023,240407,LEA NATURE SERVICES ,40995752900038,1400843,Annual inspection,4-Certification finished,Contracted,2023-09-30,2023-09-14,2023-09-11,2023-09-14,JOIE Alexis,PME+,2023-10-16
2025,174899,BIERES FINES ,79746103500025,1617084,Documentary review,4-Certification finished,Contracted,2025-10-31,2025-11-03,2025-10-31,2025-10-31,BELLEAU Lucas,PME+,2025-11-18
2025,20022,BALARAMA SAS,80968125700014,1617359,Documentary review,4-Certification finished,Contracted,2025-07-31,2025-07-12,2025-07-10,2025-07-10,MOULIN Clement,PME+,2025-07-11
2023,284388,Patisserie Beurlay,42969802000014,1424218,Initial inspection,4-Certification finished,Contracted,2023-10-31,2023-09-15,2023-09-15,2023-09-15,MENNETRET Laurent,PME+,2023-10-13
2025,252772,SODIPORC,73182014800039,1617517,Renewal audit,4-Certification finished,Contracted,2025-12-19,2025-12-12,2025-12-11,2025-12-11,CONVERT Mélissa,PME+,2026-01-09
2023,84490,CIDRES LEBRUN,,1395786,Documentary review,4-Certification finished,Contracted,2023-07-31,2023-07-31,2023-07-31,2023-07-31,MOULIN Clement,PME+,2023-07-31
2023,84588,ODNV,37748122100044,1430140,Documentary review,4-Certification finished,Contracted,2023-09-30,2023-10-20,2023-10-06,2023-10-06,MOULIN Clement,PME+,2023-10-06
2024,20412,VITAMONT SA,32867805700022,1545891,Annual inspection,4-Certification finished,Contracted,2024-10-31,2024-10-16,2024-10-16,2024-10-18,DE BELLABRE Maïka,PME+,2024-11-15
2023,62762,LES JARDINS DE L'ORBRIE SAS,43523314300039,1374424,Annual inspection,4-Certification finished,Contracted,2023-10-31,2023-12-04,2023-12-14,2023-12-15,MILIN Francois,PME+,2024-03-07
2022,31787,ROUCADIL SARL,32732331700013,1132769,Initial inspection,4-Certification finished,Contracted,2022-01-31,2022-01-28,2022-01-27,2022-01-28,BOUTON Chloe,PME+,2022-12-31
2023,42951,CHICOREE DU NORD SARL,33383300200012,1374603,Documentary review,4-Certification finished,Contracted,2023-12-31,2023-12-16,2024-01-12,2024-01-12,MEYER Iman,PME+,2024-01-15
2023,20142,NATURGIE SAS,38348790700024,1387376,Annual inspection,4-Certification finished,Contracted,2023-06-30,2023-09-15,2023-09-13,2023-09-15,DE BELLABRE Maïka,PME+,2023-10-13
2022,84539,GENDREAU,34201072500022,1199462,Documentary review,4-Certification finished,Contracted,2022-11-30,2022-12-07,2023-01-27,2023-01-27,NEBILI Nora,PME+,2023-01-31
2024,294728,GROUPE FRANCAISE DE GASTRONOMIE,33908201800013,1574369,Additional inspection,4-Certification finished,Not contracted,2024-09-30,2024-09-04,2024-09-04,2024-09-04,MILIN Francois,PME+,2024-10-10
2026,20955,LUCIEN GEORGELIN SARL,38251081600038,1875594,Renewal audit,2-Inspector's Infoportal,Contracted,2026-11-30,,,,TOUBOUL Julien,PME+,
2023,64142,SPH GERARD BERTRAND  - SITE PRINCIPAL,38233895200015,1401128,Annual inspection,4-Certification finished,Contracted,2023-03-31,2023-04-03,2023-04-03,2023-04-04,MENNETRET Laurent,PME+,2023-07-24
2026,248939,PLANTIN SAS,70692021200018,1875605,Renewal audit,2-Inspection order accepted,Contracted,2026-06-30,2026-07-22,,,AUBERT Lorraine,PME+,
2022,221097,LECHEF,80976041600010,1132674,Annual inspection,4-Certification finished,Contracted,2022-09-30,2022-10-05,2022-10-04,2022-10-05,BRIET Jean-Christophe,PME+,2022-10-10
2023,20615,LES SALINES DE GUERANDE,34924131500010,1546046,Initial inspection,4-Certification finished,Contracted,2023-12-31,2023-12-15,2023-12-14,2023-12-15,SCART Hugo,PME+,2024-01-22
2022,23944,FRANCE CAKE TRADITION,38274643600023,1132766,Annual inspection,4-Certification finished,Contracted,2022-09-30,2022-11-23,2022-11-22,2022-11-23,DE MEDTS Emilie,PME+,2023-01-04
2024,66278,MANOIR DES ABEILLES EURL,44358355400029,1546769,Documentary review,4-Certification finished,Contracted,2024-09-30,2024-09-02,2024-08-27,2024-08-27,MOULIN Clement,PME+,2024-08-27
2024,271315,MEDITERRANEAN FOOD SOLUTIONS SAS,75366031500056,1546899,Annual inspection,4-Certification finished,Contracted,2024-11-30,2024-12-03,2024-12-02,2024-12-02,HUSSON Sophie,PME+,2025-01-21
2025,109683,GABRIEL COULET SA,92618003500012,1617111,Annual inspection,4-Certification finished,Contracted,2025-12-31,2025-12-03,2025-12-03,2025-12-04,RIVIERE Madline,PME+,2026-01-05
2025,130846,AIL AIL AIL SARL,48035321800021,1617184,Documentary review,4-Certification finished,Contracted,2025-12-31,2025-12-30,2025-12-18,2025-12-18,MOULIN Clement,PME+,2025-12-18
2026,84565,LE COQ NOIR,31620394200024,1875405,Annual inspection,2-Inspection order accepted,Contracted,2026-10-31,,,,RIVIERE Madline,PME+,
2025,301115,RAFFOLE,98090218300014,1754773,Renewal audit,4-Certification finished,Contracted,2025-11-30,2025-11-07,2025-11-07,2025-11-07,BELLEAU Lucas,PME+,2026-01-13
2024,27809,CONSERVERIE BIOVIVER,34989119200024,1544581,Annual inspection,4-Certification finished,Contracted,2024-02-29,2024-04-10,2024-04-10,2024-04-10,DE BELLABRE Maïka,PME+,2024-06-07
2024,267855,FDG group,49343990500032,1546897,Annual inspection,4-Certification finished,Contracted,2024-03-31,2024-03-28,2024-03-26,2024-03-28,MENNETRET Laurent,PME+,2024-04-26
2023,156929,HOLLEA SARL,80524372200016,1376149,Initial inspection,4-Certification finished,Contracted,2023-01-31,2023-01-27,2023-02-27,2023-02-27,JOIE Alexis,PME+,2023-03-08
2026,84590,BAILLON ET COMPAGNIE,30582580400027,1875301,Documentary review,2-Inspector's Infoportal,Contracted,2026-10-31,,,,BELLEAU Lucas,PME+,
2022,84556,LA BROSSE ET DUPONT,57213300700177,1208122,Annual inspection,4-Certification finished,Contracted,2022-11-30,2022-12-06,2022-12-05,2022-12-06,JOIE Alexis,PME+,2023-02-22
2024,108038,PRODUCTION LA PRADE SAS,38390742500029,1546770,Documentary review,4-Certification finished,Contracted,2024-05-30,2024-05-30,2024-05-23,2024-05-23,MEYER Iman,PME+,2024-05-23
2022,224915,CHARLES & ALICE,34768107400063,1208317,Annual inspection,4-Certification finished,Contracted,2022-07-31,2022-07-19,2022-07-19,2022-07-20,RIVIERE Madline,PME+,2022-10-14
2025,167983,BIOMERE (ex : Jubiles) SAS,83094262900056,1767685,Renewal audit,4-Certification finished,Contracted,2025-10-31,2025-08-28,2025-08-27,2025-08-28,VIGNAUD Margaux,PME+,2025-09-30
2025,66278,MANOIR DES ABEILLES EURL,44358355400029,1617140,Renewal audit,4-Certification finished,Contracted,2025-09-30,2025-12-09,2025-12-08,2025-12-09,NOURY Pierre-Alexandre,PME+,2025-12-19
2026,114465,BIO FERME SAS,41026927800017,1875495,Additional inspection,2-Inspector's Infoportal,Not contracted,2026-12-31,,,,TOUBOUL Julien,PME+,
2022,20636,BOEHLI SAS,41523042400020,1132829,Documentary review,4-Certification finished,Contracted,2022-05-31,2022-06-23,2022-07-29,2022-07-29,SCART Hugo,PME+,2022-07-29
2023,63438,RIVIERE,34984417500019,1374352,Annual inspection,4-Certification finished,Contracted,2023-05-31,2023-06-06,2023-06-05,2023-06-06,RIVIERE Madline,PME+,2023-08-01
2024,247214,CLAVIERE SAS,38023057300020,1546823,Documentary review,4-Certification finished,Contracted,2024-10-31,2024-11-14,2024-12-11,2025-01-27,TABARY Thibaut,PME+,2025-01-27
2022,62851,BISCUITS BOUVARD SAS,75720010000027,1218084,Initial inspection,4-Certification finished,Contracted,2022-10-31,2022-10-12,2022-10-12,2022-10-14,RIVIERE Madline,PME+,2022-11-14
2022,84562,LARZUL,77545321000046,1233475,Documentary review,4-Certification finished,Contracted,2022-04-30,2022-05-05,2022-05-05,2022-05-05,TABARY Thibaut,PME+,2022-05-05
2026,168876,MAISON MARLERE SAS,53078000600025,1875367,Documentary review,2-Inspection order accepted,Contracted,2026-09-30,,,,BELLEAU Lucas,PME+,
2025,84631,ULMANN,58210775100031,1617310,Documentary review,4-Certification finished,Contracted,2025-10-31,2025-10-11,2025-10-06,2025-10-06,BELLEAU Lucas,PME+,2025-10-13
2022,20077,BRASSERIE CASTELAIN,31525575200018,1233474,Documentary review,4-Certification finished,Contracted,2022-04-30,2022-05-05,2022-05-05,2022-05-05,TABARY Thibaut,PME+,2022-05-05
2023,84462,ALTHO,39772959100024,1374376,Annual inspection,4-Certification finished,Not contracted,2023-11-30,2023-12-13,2023-12-12,2023-12-13,JOIE Alexis,PME+,2024-04-05
2024,199568,CHARLES CHOCOLARTISAN,53516941100043,1559813,Initial inspection,4-Certification finished,Contracted,2024-03-31,2024-03-14,2024-03-14,2024-03-14,MOSCA Audrey,PME+,2024-04-03
2022,216702,RIVAZUR CAKES,61980411500027,1255656,Documentary review,4-Certification finished,Contracted,2022-12-31,2022-12-30,2023-01-04,2023-01-04,MOULIN Clement,PME+,2023-01-04
2024,114841,BINIC GASTRONOMIE   SAS,42352009700027,1570961,Additional inspection,4-Certification finished,Not contracted,2024-09-30,2024-09-12,2024-09-12,2024-09-12,MILIN Francois,PME+,2024-11-05
2026,203932,CSP Paris Fashion Group,41031726700038,1900437,Renewal audit,2-Inspector's Infoportal,Contracted,2026-10-31,,,,MATHEY Stéphanie,PME+,
2025,42951,CHICOREE DU NORD SARL,33383300200012,1617201,Documentary review,4-Certification finished,Contracted,2025-11-30,2025-12-04,2025-12-10,2025-12-10,MOULIN Clement,PME+,2025-12-17
2024,84539,GENDREAU,34201072500022,1546799,Documentary review,4-Certification finished,Contracted,2024-07-31,2024-07-29,2024-07-29,2024-07-29,SCART Hugo,PME+,2024-08-12
2025,64176,REITZEL BRIAND,34746424000063,1617079,Annual inspection,4-Certification finished,Contracted,2025-11-30,2025-12-11,2025-11-28,2025-12-11,BELLEAU Lucas,PME+,2026-01-05
2022,84480,BRIOCHES FONTENEAU,32810477300010,1132652,Annual inspection,4-Certification finished,Contracted,2022-11-30,2023-03-09,2023-03-08,2023-03-09,MENNETRET Laurent,PME+,2023-03-28
2026,20103,COMPAGNIE MEDITERRANEENNE DES CAFES MALONGO - CMC,95580206100106,1875410,Annual inspection,2-Inspection order accepted,Contracted,2026-09-30,,,,AUBERT Lorraine,PME+,
2024,179931,CSD - Commerce Service Distribution,40278304700036,1546784,Documentary review,4-Certification finished,Contracted,2024-11-30,2024-12-19,2025-01-21,2025-01-21,SCART Hugo,PME+,2025-01-21
2025,51427,SADAC SAS,40806109100042,1729642,Initial inspection,4-Certification finished,Contracted,2025-06-30,2025-06-17,2025-06-17,2025-06-17,MATHEY Stéphanie,PME+,2025-07-22
2026,62426,TREO,41420362000052,1875396,Documentary review,2-Inspector's Infoportal,Contracted,2026-09-30,,,,BUTTIGIEG Karine,PME+,
2022,109683,GABRIEL COULET SA,92618003500012,1251670,Initial inspection,4-Certification finished,Contracted,2022-10-31,2022-10-20,2022-10-19,2022-10-20,RIVIERE Madline,PME+,2022-12-01
2023,84503,CORSICA GASTRONOMIA,37967510100024,1374380,Annual inspection,4-Certification finished,Contracted,2023-08-31,2023-09-29,2023-09-28,2023-09-29,MENNETRET Laurent,PME+,2023-12-21
2024,84565,LE COQ NOIR,31620394200024,1546726,Documentary review,4-Certification finished,Contracted,2024-10-31,2024-12-02,2024-12-02,2024-12-02,JOIE Alexis,PME+,2024-12-13
2024,84479,BRETZEL BURGARD SAS,43777366600122,1546916,Renewal audit,4-Certification finished,Contracted,2024-09-30,2024-09-18,2024-09-17,2024-09-18,DENIS Coralie,PME+,2024-09-27
2022,107993,KINDY PROJECT,,1132840,Documentary review,4-Certification finished,Contracted,2022-09-30,2022-12-16,2022-12-14,2022-12-14,MENNETRET Laurent,PME+,2022-12-14
2026,315711,ACCOR LUBRIFIANTS,32866639100029,1873491,Initial inspection,2-Inspector's Infoportal,Contracted,2026-05-31,2026-05-12,,,DANGY Antoine,PME+,
2024,80371,FRESH FOOD VILLAGE,38791777600107,1603534,Initial inspection,4-Certification finished,Contracted,2024-11-30,2024-10-17,2024-10-16,2024-10-17,MOULIN Clement,PME+,2024-12-04
2025,216702,RIVAZUR CAKES,61980411500027,1617101,Renewal audit,4-Certification finished,Contracted,2025-11-30,2025-12-08,2025-12-08,2025-12-09,VIGNAUD Margaux,PME+,2026-01-05
2023,264641,CULTURE POM,49949540600021,1374597,Documentary review,4-Certification finished,Contracted,2023-07-31,2023-07-31,2023-08-21,2023-08-21,MENNETRET Laurent,PME+,2023-08-21
2025,199400,SAINT BERNARD SAS,43196744700019,1617197,Documentary review,4-Certification finished,Contracted,2025-11-30,2025-11-05,2025-11-26,2025-11-26,MOULIN Clement,PME+,2025-11-27
2025,84578,MIEL CRETET,48304492100011,1617087,Documentary review,4-Certification finished,Contracted,2025-10-31,2026-01-16,2026-01-27,2026-01-27,JOIE Alexis,PME+,2026-01-28
2024,237621,WOLF LINGERIE,63850210400042,1546821,Documentary review,4-Certification finished,Contracted,2024-07-31,2024-07-15,2024-08-12,2024-08-20,TABARY Thibaut,PME+,2024-08-22
2022,180311,LUCIEN GEORGELIN CEREALES SAS,83190498200012,1218071,Annual inspection,4-Certification finished,Contracted,2022-11-30,2022-12-22,2022-12-22,2022-12-22,BRIET Jean-Christophe,PME+,2023-01-12
2023,254059,FROMAGERIE LINCET,95750287000021,1374419,Annual inspection,4-Certification finished,Contracted,2023-01-31,2023-03-23,2023-03-20,2023-03-23,BRONDEX Elodie,PME+,2023-04-24
2024,84509,DANIEL CADIOU,38853243400015,1546795,Documentary review,4-Certification finished,Contracted,2024-10-31,2024-10-11,2024-09-24,2024-09-24,TABARY Thibaut,PME+,2024-09-25
2023,236053,VITANUTRITION,49801422400014,1604104,Additional inspection,4-Certification finished,Not contracted,2023-12-31,2023-12-07,2023-12-04,2023-12-07,DE BELLABRE Maïka,PME+,2023-12-15
2024,20031,BISCUITERIE DE L'ABBAYE SAS,37645002900016,1546903,Annual inspection,4-Certification finished,Contracted,2024-12-31,2024-12-09,2024-12-09,2024-12-11,NOURY Pierre-Alexandre,PME+,2024-12-17
2023,130846,AIL AIL AIL SARL,48035321800021,1374553,Documentary review,4-Certification finished,Contracted,2023-11-30,2024-01-18,2024-01-12,2024-01-12,MOULIN Clement,PME+,2024-01-12
2022,84489,CHARBONNEAUX BRABANT,33578220700013,1132656,Annual inspection,4-Certification finished,Contracted,2022-09-30,2022-12-09,2022-12-08,2022-12-09,FORNEZZO Nathalie,PME+,2023-01-09
2023,84507,CROC FRAIS,41954485300049,1374644,Renewal audit,4-Certification finished,Contracted,2023-10-31,2023-10-16,2023-10-16,2023-10-16,NOURY Pierre-Alexandre,PME+,2023-12-21
2026,199225,GROUPE FRANCAISE DE GASTRONOMIE SA,55850337100160,1875502,Additional inspection,2-Inspector's Infoportal,Contracted,2026-10-31,,,,FORNEZZO Nathalie,PME+,
2025,84588,ODNV,37748122100044,1617196,Documentary review,4-Certification finished,Contracted,2025-09-30,2025-09-30,2025-09-30,2025-09-30,MOULIN Clement,PME+,2025-09-30
2026,267855,FDG group,49343990500032,1875411,Annual inspection,3-Certification order accepted,Contracted,2026-05-31,2026-04-16,2026-04-07,2026-04-16,MATHEY Stéphanie,PME+,
2026,297398,GROUPE SAVEURS ET TRADITIONS CONSEIL,52929577600015,1875579,Renewal audit,2-Inspection in progress,Contracted,2026-11-30,,,,MOSCA Audrey,PME+,
2022,84549,IDEAL,97150286900037,1223731,Documentary review,4-Certification finished,Contracted,2022-03-31,2022-04-14,2022-05-17,2022-05-17,TABARY Thibaut,PME+,2022-05-17
2022,264641,CULTURE POM,49949540600021,1237666,Initial inspection,4-Certification finished,Contracted,2022-06-30,2022-07-01,2022-06-30,2022-07-01,BRONDEX Elodie,PME+,2022-09-06
2024,265308,Heritage,90795192500037,1546828,Documentary review,4-Certification finished,Contracted,2024-05-13,2024-05-21,2024-05-06,2024-05-06,SCART Hugo,PME+,2024-05-06
2023,224915,CHARLES & ALICE,34768107400063,1374408,Annual inspection,4-Certification finished,Contracted,2023-09-30,2023-10-13,2023-10-12,2023-10-13,JOIE Alexis,PME+,2023-11-06
2022,64176,REITZEL BRIAND,34746424000063,1234275,Initial inspection,4-Certification finished,Contracted,2022-11-30,2022-11-03,2022-11-03,2022-11-04,MANDEL Gaëlle,PME+,2023-01-04
2023,153817,LA BROSSERIE FRANCAISE,78972600700014,1374369,Annual inspection,4-Certification finished,Contracted,2023-08-31,2023-09-28,2023-09-28,2023-09-28,SCART Hugo,PME+,2023-11-15
2024,201036,BIOFUTURE SAS,51311797800033,1546750,Documentary review,4-Certification finished,Contracted,2024-09-30,2024-10-31,2024-10-30,2024-10-31,TABARY Thibaut,PME+,2024-11-13
2023,84558,LAITERIE DE SAINT-MALO,89578037700027,,Additional inspection,1-Inspection order created,Not contracted,,,,,,PME+,
2026,20307,CREPERIE  JARNOUX,38092733500030,1875321,Documentary review,2-Inspector's Infoportal,Contracted,2026-10-31,,,,BUTTIGIEG Karine,PME+,
2022,21095,VITAGERMINE,77558681100132,1264231,Renewal audit,4-Certification finished,Contracted,2023-01-31,2023-01-12,2023-01-10,2023-01-12,BRIET Jean-Christophe,PME+,2023-01-16
2026,218953,VAL LEGUMES,38848978300018,1875619,Renewal audit,4-Certification finished,Contracted,2026-04-30,2026-03-26,2026-03-25,2026-03-26,BELLEAU Lucas,PME+,2026-04-17
2024,84619,SILL,63622022000017,1546872,Annual inspection,4-Certification finished,Contracted,2024-11-30,2024-12-13,2024-12-10,2024-12-13,MILIN Francois,PME+,2025-01-17
2026,207090,Roches Blanches,53303039100015,1875387,Documentary review,2-Inspection order accepted,Contracted,2026-10-31,,,,MOULIN Clement,PME+,
2025,84556,LA BROSSE ET DUPONT,57213300700177,1617078,Annual inspection,4-Certification finished,Contracted,2026-01-31,2026-01-14,2026-01-13,2026-01-14,MATHEY Stéphanie,PME+,2026-02-09
2024,84595,PMC LINGERIE,44461097600011,1546807,Documentary review,4-Certification finished,Contracted,2024-05-31,2024-05-16,2024-05-23,2024-05-23,MEYER Iman,PME+,2024-05-24
2022,62762,LES JARDINS DE L'ORBRIE SAS,43523314300039,1132834,Documentary review,4-Certification finished,Contracted,2022-11-30,2022-11-28,2023-01-18,2023-01-18,MENNETRET Laurent,PME+,2023-01-18
2024,63056,POULIQUEN SAS,83964261800020,1546906,Annual inspection,4-Certification finished,Contracted,2024-04-30,2024-04-17,2024-04-17,2024-04-17,CONVERT Mélissa,PME+,2024-05-21
2026,108038,PRODUCTION LA PRADE SAS,38390742500029,1875381,Documentary review,2-Inspection order accepted,Contracted,2026-06-30,,,,JOIE Alexis,PME+,
2024,20142,NATURGIE SAS,38348790700024,1545874,Documentary review,4-Certification finished,Contracted,2024-09-30,2024-08-27,2024-08-27,2024-08-27,MENNETRET Laurent,PME+,2024-08-27
2024,167476,SARL BLOOMUP,52425386100016,1546914,Renewal audit,4-Certification finished,Contracted,2024-04-30,2024-04-23,2024-04-23,2024-04-23,MEYER Iman,PME+,2024-06-28
2022,153817,LA BROSSERIE FRANCAISE,78972600700014,1132795,Documentary review,4-Certification finished,Contracted,2022-05-31,2022-07-16,2022-10-27,2022-10-27,MENNETRET Laurent,PME+,2022-10-27
2023,222274,LES CAFÉS SATI,57850209800010,1374588,Documentary review,4-Certification finished,Contracted,2023-11-30,2023-11-30,2023-12-07,2023-12-07,MEYER Iman,PME+,2023-12-14
2023,20103,COMPAGNIE MEDITERRANEENNE DES CAFES MALONGO - CMC,95580206100106,1374362,Annual inspection,4-Certification finished,Contracted,2023-08-31,2023-09-12,2023-09-12,2023-09-12,BRIET Jean-Christophe,PME+,2023-09-26
2024,247649,PAGES VEDRENNE,35382104400131,1546892,Annual inspection,4-Certification finished,Contracted,2024-09-30,2024-10-03,2024-10-02,2024-10-03,MOSCA Audrey,PME+,2024-10-07
2026,283678,Nemo Invest,53453178500028,1875373,Documentary review,3-Inspection finished - Pool,Contracted,2026-06-30,,2026-06-18,2026-06-18,MOULIN Clement,PME+,
2025,166500,CHICHE   SAS,82106484700030,1737459,Initial inspection,4-Certification finished,Contracted,2025-06-30,2025-06-30,2025-06-30,2025-06-30,MOSCA Audrey,PME+,2025-07-24
2025,229581,FERME DE LA MOTTE ,42433296300018,1617099,Renewal audit,4-Certification finished,Contracted,2025-11-30,2025-12-19,2025-12-18,2025-12-19,PETIT Doriane,PME+,2026-01-08
2023,168876,MAISON MARLERE SAS,53078000600025,1374372,Annual inspection,4-Certification finished,Contracted,2023-09-30,2023-10-24,2023-10-25,2023-10-25,EVEN Margaux,PME+,2023-11-23
2025,214068,AQUALIS SEAFOOD,41374797300035,1617088,Documentary review,4-Certification finished,Contracted,2025-09-30,2025-10-22,2025-10-07,2025-10-07,PAINVIN Margaux,PME+,2025-10-13
2024,20203,CERECO SAS,38136495900027,1545846,Documentary review,4-Certification finished,Contracted,2024-06-30,2024-05-22,2024-05-22,2024-05-22,TABARY Thibaut,PME+,2024-05-24
2024,264641,CULTURE POM,49949540600021,1545796,Annual inspection,4-Certification finished,Contracted,2024-07-31,2024-10-15,2024-10-15,2024-10-16,MEYER Iman,PME+,2024-11-18
2025,69156,DUCS DE GASCOGNE,39562010700015,1714024,Initial inspection,4-Certification finished,Contracted,2025-02-14,2025-02-12,2025-02-11,2025-02-12,DE BELLABRE Maïka,PME+,2025-02-26
2025,237621,WOLF LINGERIE,63850210400042,1760261,Renewal audit,4-Certification finished,Contracted,2025-07-31,2025-09-24,2025-09-23,2025-09-24,SIMON Elisa,PME+,2025-10-24
2022,199400,SAINT BERNARD SAS,43196744700019,1132668,Annual inspection,4-Certification finished,Contracted,2022-06-30,2022-11-18,2022-10-18,2022-10-18,BIA Elodie,PME+,2023-03-15
2024,229450,CONSERVERIE GONIDEC,37598007500028,1546889,Annual inspection,4-Certification finished,Contracted,2024-10-31,2024-11-07,2024-11-06,2024-11-07,SCART Hugo,PME+,2024-12-09
2022,84629,TRIPES PAILLARD,,1255659,Documentary review,4-Certification finished,Contracted,2023-05-31,2023-09-27,2023-09-27,2023-09-27,MOULIN Clement,PME+,2023-09-27
2023,69710,SAINTE LUCIE SAS,57215120700022,1374364,Annual inspection,4-Certification finished,Contracted,2023-11-30,2023-11-17,2023-11-15,2023-11-17,MENNETRET Laurent,PME+,2024-01-15
2026,184603,PRUNIER  SAS,34905002100022,1875382,Documentary review,2-Inspection order accepted,Contracted,2026-10-31,,,,PAINVIN Margaux,PME+,
2024,67846,ETHIQUABLE,44916448200027,1546844,Annual inspection,4-Certification finished,Contracted,2024-11-30,2024-11-05,2024-11-04,2024-11-04,DE BELLABRE Maïka,PME+,2024-11-15
2025,289862,CHARCUTERIE VENDEENNE,32295081700013,1617200,Documentary review,4-Certification finished,Contracted,2025-02-28,2025-03-14,2025-02-17,2025-02-17,MOULIN Clement,PME+,2025-02-19
2024,233854,UPCS (Groupe DEBROAS),41265481600021,1574365,Annual inspection,4-Certification finished,Contracted,2024-10-31,2024-12-10,2024-12-10,2024-12-12,MOSCA Audrey,PME+,2025-01-27
2022,154367,TERRA CERES,81175764000024,1132843,Documentary review,4-Certification finished,Contracted,2022-10-31,2022-10-30,2023-01-02,2023-01-02,NEBILI Nora,PME+,2023-01-09
2026,20412,VITAMONT SA,32867805700022,1875522,Renewal audit,2-Inspection order accepted,Contracted,2026-10-31,,,,RIVIERE Madline,PME+,
2024,214068,AQUALIS SEAFOOD,41374797300035,1546879,Annual inspection,4-Certification finished,Contracted,2024-09-30,2024-11-06,2024-11-06,2024-11-06,RIVIERE Madline,PME+,2025-01-06
2022,214068,AQUALIS SEAFOOD,41374797300035,1241475,Initial inspection,4-Certification finished,Contracted,2022-10-31,2022-10-26,2022-10-26,2022-10-26,RIVIERE Madline,PME+,2022-12-07
2024,84632,VALFLEURI,91552062100052,1546874,Annual inspection,4-Certification finished,Contracted,2024-09-30,2024-11-08,2024-11-07,2024-11-08,FORNEZZO Nathalie,PME+,2024-12-11
2025,315973,CALUIRE LEGUMES,31837834600049,1777910,Initial inspection,4-Certification finished,Contracted,2025-11-30,2025-11-28,2025-11-27,2025-11-28,JOIE Alexis,PME+,2025-12-18
2024,20424,ROSTAIN   SAS,39977943800031,1602806,Documentary review,4-Certification finished,Contracted,2024-11-30,2024-12-05,2024-12-05,2024-12-05,TABARY Thibaut,PME+,2024-12-06
2023,265308,Heritage,90795192500037,1388525,Initial inspection,4-Certification finished,Contracted,2023-04-30,2023-04-14,2023-04-14,2023-04-14,MATHEY Stéphanie,PME+,2023-07-12
2022,2598,LES COTEAUX NANTAIS SAS,35142103700018,1233473,Documentary review,4-Certification finished,Contracted,2022-04-30,2022-05-05,2022-05-05,2022-05-05,TABARY Thibaut,PME+,2022-05-05
2022,188498,LOC MARIA BISCUITS,48310030100033,1261134,Renewal audit,2-Inspector's Infoportal,Contracted,2022-11-30,2023-03-29,,,MONVOISIN Louis,PME+,
2024,301095,FOODIZ FRESH,42152860500072,1605458,Additional inspection,4-Certification finished,Not contracted,2024-11-30,2024-11-19,2024-12-19,2024-12-19,MATHEY Stéphanie,PME+,2024-12-05
2025,229450,CONSERVERIE GONIDEC,37598007500028,1617091,Documentary review,4-Certification finished,Contracted,2025-10-31,2025-10-26,2025-10-17,2025-10-17,BELLEAU Lucas,PME+,2025-11-04
2022,255108,EURO 5,52875804800011,1162258,Initial inspection,4-Certification finished,Contracted,2022-01-31,2022-01-04,2022-01-04,2022-01-04,MANDEL Gaëlle,PME+,2022-01-25
2024,294393,SRDI,44412577700029,1573423,Initial inspection,4-Certification finished,Contracted,2024-06-30,2024-06-13,2024-06-12,2024-06-13,MENNETRET Laurent,PME+,2024-07-22
2023,247214,CLAVIERE SAS,38023057300020,1374415,Annual inspection,4-Certification finished,Contracted,2023-10-08,2023-10-03,2023-10-03,2023-10-04,BRONDEX Elodie,PME+,2023-10-24
2025,20552,EKIBIO,34505228600027,1617217,Renewal audit,4-Certification finished,Contracted,2025-12-31,2025-12-04,2025-12-04,2025-12-04,MOSCA Audrey,PME+,2026-01-21
2023,20412,VITAMONT SA,32867805700022,1374618,Documentary review,4-Certification finished,Contracted,2023-10-31,2023-11-16,2024-01-05,2024-01-05,DE MEDTS Emilie,PME+,2024-01-05
2022,270071,VINS JEAN LOUIS PARSAT SAS,35333323000012,1257639,Initial inspection,4-Certification finished,Contracted,2022-11-30,2022-11-16,2022-11-16,2022-11-16,DE BELLABRE Maïka,PME+,2022-12-14
2025,105894,ETS JEAN LOUIS BASSINET SAS,33999052500026,1617417,Documentary review,4-Certification finished,Contracted,2025-06-30,2025-07-10,2025-07-21,2025-07-21,MOULIN Clement,PME+,2025-07-21
2026,62762,LES JARDINS DE L'ORBRIE SAS,43523314300039,1875362,Documentary review,2-Inspection order accepted,Contracted,2026-10-31,,,,PAINVIN Margaux,PME+,
2025,46747,FRAIS EMINCES SARL,43161282900025,1743750,Initial inspection,4-Certification finished,Contracted,2025-09-30,2025-09-24,2025-09-24,2025-09-25,VIGNAUD Margaux,PME+,2025-10-27
2026,30150,RAIFALSA-ALELOR SAS,41452729100036,1875384,Documentary review,2-Inspector's Infoportal,Contracted,2026-10-31,,,,BELLEAU Lucas,PME+,
2024,20101,LEROUX SAS,4575081700012,1594841,Documentary review,4-Certification finished,Contracted,2024-09-30,2024-09-03,2024-09-03,2024-09-03,MOULIN Clement,PME+,2024-09-03
2022,84459,ALLAIRE,32290299000017,1144782,Documentary review,4-Certification finished,Contracted,2022-10-31,2022-10-29,2022-12-12,2022-12-12,NEBILI Nora,PME+,2022-12-12
2026,84567,LES APICULTEURS ASSOCIÉS,39973186800010,1875588,Renewal audit,2-Inspector's Infoportal,Contracted,2026-10-31,,,,BELLEAU Lucas,PME+,
2026,116623,DACO FRANCE SA,30048291600032,1875324,Documentary review,2-Inspector's Infoportal,Contracted,2026-10-31,,,,MENNETRET Laurent,PME+,
2022,85286,HIRUAK,30055861600011,1199449,Documentary review,4-Certification finished,Contracted,2022-05-31,2022-05-31,2022-08-19,2022-08-19,MENNETRET Laurent,PME+,2022-08-19
2023,84477,BIOPLANTS,52772723400033,1374616,Documentary review,4-Certification finished,Contracted,2023-10-31,2023-10-29,2023-10-11,2023-10-11,MENNETRET Laurent,PME+,2023-10-11
2022,167476,SARL BLOOMUP,52425386100016,1194784,Initial inspection,4-Certification finished,Contracted,2022-02-28,2022-02-15,2022-02-15,2022-02-15,ROBERT-WILLIAM’S Julia,PME+,2022-03-09
2022,20284,HUILERIE EMILE NOEL SAS,66020113800030,1215537,Initial inspection,4-Certification finished,Contracted,2022-03-31,2022-06-30,2022-06-30,2022-06-30,RIVIERE Madline,PME+,2022-09-20
2026,229753,GOULIBEUR   SAS,39345646200018,1904452,Initial inspection,4-Certification finished,Contracted,2026-06-30,2026-05-28,2026-05-28,2026-05-28,MOULIN Clement,PME+,2026-06-26
2026,121964,BRASSERIE DE VEZELAY SARL,53273732700025,1875308,Documentary review,2-Inspection order accepted,Contracted,2026-11-30,,,,MOULIN Clement,PME+,
2025,301081,FOODIZ SOLUTIONS,53445511800040,1722531,Annual inspection,4-Certification finished,Contracted,2025-11-30,2025-12-12,2025-12-09,2025-12-12,BIA Elodie,PME+,2026-01-19
2023,109683,GABRIEL COULET SA,92618003500012,1389377,Annual inspection,4-Certification finished,Contracted,2023-11-30,2023-12-05,2023-12-04,2023-12-05,RIVIERE Madline,PME+,2024-01-08
2025,101084,BRASSERIE DE BRETAGNE SAS,41867174900012,1739087,Initial inspection,4-Certification finished,Contracted,2025-03-31,2025-03-19,2025-03-17,2025-03-18,SCART Hugo,PME+,2025-04-16
2023,65990,SODALIS France SA,,1374429,Annual inspection,4-Certification finished,Contracted,2023-11-30,2023-11-27,2023-11-27,2023-11-29,JOIE Alexis,PME+,2024-01-08
2022,84538,FROMAGERIE GILLOT,34582029400014,1244517,Renewal audit,4-Certification finished,Contracted,2022-09-30,2022-12-06,2022-12-06,2022-12-07,NOURY Pierre-Alexandre,PME+,2022-12-20
2026,21021,APIDIS,39526901200054,1875299,Documentary review,4-Certification finished,Contracted,2026-03-31,2026-04-30,2026-05-29,2026-05-29,JOIE Alexis,PME+,2026-06-02
2024,233287,GROUPE FRANCAISE DE  GASTRONOMIE,55850337100178,1546820,Initial inspection,4-Certification finished,Contracted,2024-09-30,2024-09-12,2024-09-10,2024-09-12,MOSCA Audrey,PME+,2024-10-10
2026,20203,CERECO SAS,38136495900027,1875266,Documentary review,2-Inspection order accepted,Contracted,2026-06-30,2026-07-02,,,PAINVIN Margaux,PME+,
2026,199568,CHARLES CHOCOLARTISAN,53516941100043,1875557,Renewal audit,4-Certification finished,Contracted,2026-03-31,2026-04-29,2026-04-29,2026-04-29,MOSCA Audrey,PME+,2026-05-26
2023,116623,DACO FRANCE SA,30048291600032,1374427,Annual inspection,4-Certification finished,Contracted,2023-10-31,2023-11-10,2023-11-09,2023-11-10,MENNETRET Laurent,PME+,2024-01-04
2025,306025,PARFUMS CORANIA,45103226200029,1733666,Initial inspection,4-Certification finished,Contracted,2025-04-30,2025-05-16,2025-05-15,2025-05-16,VIDAL Marine,PME+,2025-07-29
2024,186319,BRASSERIE 3 MONTS,33185949600019,1546787,Documentary review,4-Certification finished,Contracted,2024-05-13,2024-05-13,2024-04-11,2024-04-11,MEYER Iman,PME+,2024-04-15
2026,294748,BY WOMEN COMPANY,84502116100011,1900438,Renewal audit,2-Inspector's Infoportal,Contracted,2026-06-30,2026-05-26,,,MATHEY Stéphanie,PME+,
2022,258017,LABORATOIRES DERMOSUN,53053214200037,1206277,Initial inspection,4-Certification finished,Contracted,2022-01-31,2022-04-13,2022-04-13,2022-04-13,RIVIERE Madline,PME+,2022-06-14
2026,298867,CULTURE POM,49949540600054,1911436,Renewal audit,2-Inspection order accepted,Contracted,2026-07-31,2026-07-30,,,MELNYK Virginie,PME+,
2025,240407,LEA NATURE SERVICES ,40995752900038,1617395,Annual inspection,4-Certification finished,Contracted,2025-09-30,2025-09-08,2025-09-10,2025-09-10,MAGNAN Céline,PME+,2025-10-15
2022,20031,BISCUITERIE DE L'ABBAYE SAS,37645002900016,1132363,Renewal audit,4-Certification finished,Contracted,2022-11-30,2022-12-13,2022-12-13,2022-12-15,NOURY Pierre-Alexandre,PME+,2022-12-20
2026,84457,AGRO'NOVAE,33863506300047,1875538,Renewal audit,2-Inspection order accepted,Contracted,2026-10-31,,,,AUBERT Lorraine,PME+,
2026,156511,BORDE SAS,78826729200043,1875549,Renewal audit,4-Certification finished,Contracted,2026-02-28,2026-03-05,2026-03-04,2026-03-05,MOSCA Audrey,PME+,2026-04-07
2025,84594,PIZZA DE MANOSQUE,38341491900027,1742221,Renewal audit,4-Certification finished,Contracted,2025-05-31,2025-07-08,2025-07-08,2025-07-09,CUSTOJA Marie,PME+,2025-09-02
2024,21320,LAITERIE ST DENIS DE L'HOTEL - LSDH,8558149400029,1599588,Additional inspection,4-Certification finished,Contracted,2024-10-31,2024-10-10,2024-10-10,2024-10-10,FORNEZZO Nathalie,PME+,2024-10-21
2025,21568,FAMILLE MICHAUD APICULTEURS SA,77563811700033,1617544,Renewal audit,4-Certification finished,Contracted,2025-06-30,2025-06-20,2025-06-17,2025-06-18,TOUBOUL Julien,PME+,2025-07-29
2025,221097,LECHEF,80976041600010,1617089,Documentary review,4-Certification finished,Contracted,2025-09-30,2025-09-25,2025-09-24,2025-09-24,PAINVIN Margaux,PME+,2025-09-26
2025,69710,SAINTE LUCIE SAS,57215120700022,1617321,Renewal audit,4-Certification finished,Contracted,2025-11-30,2025-11-07,2025-11-05,2025-11-06,MATHEY Stéphanie,PME+,2026-01-06
2022,84515,EMINENCE,35016912400020,1132805,Documentary review,4-Certification finished,Contracted,2022-08-31,2023-02-06,2023-02-08,2023-02-08,JOIE Alexis,PME+,2023-02-08
2025,311418,INITIATIVES DECORATION,30515177100048,1752847,Initial inspection,4-Certification finished,Contracted,2025-09-30,2025-09-12,2025-09-11,2025-09-12,MENNETRET Laurent,PME+,2025-10-10
2024,62426,TREO,41420362000052,1546838,Documentary review,4-Certification finished,Contracted,2024-09-30,2024-10-17,2024-09-18,2024-09-18,SCART Hugo,PME+,2024-10-03
2022,67168,JEAN MARTIN SAS,31527063700012,1132838,Documentary review,4-Certification finished,Contracted,2022-04-30,2022-05-31,2022-09-20,2022-09-20,MENNETRET Laurent,PME+,2022-09-20
2022,130846,AIL AIL AIL SARL,48035321800021,1132642,Annual inspection,4-Certification finished,Contracted,2023-01-31,2023-02-09,2023-03-09,2023-03-09,MONVOISIN Louis,PME+,2023-03-23
2025,312510,EAUX DE MONT ROUCOUS SAS,30489141900026,1758736,Initial inspection,4-Certification finished,Contracted,2025-10-31,2025-10-15,2025-10-14,2025-10-15,RIVIERE Madline,PME+,2025-12-10
2023,166452,LES GLACIERS PARISIENS (ALPEREL)   SAS,81499482800022,1374371,Annual inspection,4-Certification finished,Contracted,2024-01-31,2024-01-16,2024-01-16,2024-01-16,MOULIN Clement,PME+,2024-08-08
2026,20552,EKIBIO,34505228600027,1875566,Renewal audit,2-Inspection order accepted,Contracted,,,,,MOSCA Audrey,PME+,
2023,62851,BISCUITS BOUVARD SAS,75720010000027,1374365,Annual inspection,4-Certification finished,Contracted,2023-11-15,2023-11-10,2023-11-08,2023-11-10,MOSCA Audrey,PME+,2023-11-17
2025,84571,LPA - LES P'TITS AMOUREUX SAS,41428075000020,1872167,Initial inspection,4-Certification finished,Contracted,2026-01-31,2026-01-13,2026-01-13,2026-01-13,MAGNAN Céline,PME+,2026-03-04
2025,270071,VINS JEAN LOUIS PARSAT SAS,35333323000012,1617524,Documentary review,4-Certification finished,Contracted,2025-11-30,2025-11-13,2025-11-13,2025-11-13,BUTTIGIEG Karine,PME+,2025-11-13
2023,251062,PRIMEL GASTRONOMIE,39946423900017,,Additional inspection,1-Inspection order created,Not contracted,,,,,,PME+,
2023,233287,GROUPE FRANCAISE DE  GASTRONOMIE,55850337100178,1374411,Annual inspection,4-Certification finished,Contracted,2023-09-30,2023-07-25,2023-07-25,2023-07-25,SUDAN Severine,PME+,2023-10-23
2025,245843,MADEMOISELLE DE MARGAUX,44478403700020,1762699,Additional inspection,4-Certification finished,Not contracted,2026-02-28,2026-02-02,2026-02-02,2026-02-02,CONVERT Mélissa,PME+,2026-03-11
2022,84632,VALFLEURI,91552062100052,1132666,Annual inspection,4-Certification finished,Contracted,2022-10-31,2022-10-14,2022-10-13,2022-10-14,FORNEZZO Nathalie,PME+,2022-11-07
2023,84499,COMPAGNIE DU MIDI,3732059500020,1374379,Annual inspection,4-Certification finished,Contracted,2023-03-31,2023-06-09,2023-06-08,2023-06-09,RIVIERE Madline,PME+,2023-09-18
2025,84539,GENDREAU,34201072500022,1617515,Renewal audit,4-Certification finished,Contracted,2025-07-31,2025-07-09,2025-07-07,2025-07-09,MENNETRET Laurent,PME+,2025-08-01
2024,129497,APIHA ,42488126600086,1562469,Annual inspection,4-Certification finished,Contracted,2024-10-30,2024-12-17,2024-12-16,2024-12-17,MENNETRET Laurent,PME+,2025-02-24
2023,23964,LE PETIT BASQUE SA,39968565000018,1424220,Additional inspection,4-Certification finished,Not contracted,2023-12-08,2023-12-08,2023-12-08,2023-12-08,EVEN Margaux,PME+,2023-12-15
2024,84596,SARAPARTICIPATIONS,52859649700016,1546920,Renewal audit,4-Certification finished,Contracted,2024-11-30,2024-11-26,2024-11-25,2024-11-26,NOURY Pierre-Alexandre,PME+,2024-12-05
2024,238889,NINKASI FABRIQUES,42395306600010,1546891,Annual inspection,4-Certification finished,Contracted,2024-06-30,2024-06-19,2024-06-11,2024-06-19,JOIE Alexis,PME+,2024-07-30
2023,38582,ROUTIN SA,74562027800010,1374612,Documentary review,4-Certification finished,Contracted,2023-10-31,2023-11-12,2023-12-05,2023-12-05,MEYER Iman,PME+,2023-12-06
2024,24447,LA RUCHE ROANNAISE BESACIER SA,40588005500034,1546832,Documentary review,4-Certification finished,Contracted,2024-07-31,2024-08-10,2024-08-13,2024-08-13,JOIE Alexis,PME+,2024-08-26
2023,84560,L'ANGELYS,40470198900034,1374575,Documentary review,4-Certification finished,Contracted,2023-10-31,2023-12-05,2023-12-11,2023-12-11,DE MEDTS Emilie,PME+,2024-01-12
2022,222762,FIDELE,44461361600028,1132359,Renewal audit,4-Certification finished,Contracted,2022-06-30,2022-07-05,2022-07-05,2022-07-05,MILIN Francois,PME+,2022-10-13
2024,139041,ETS PIERRE BOURRE SAS,06820068200018,1587929,Initial inspection,4-Certification finished,Contracted,2024-09-30,2024-09-12,2024-09-12,2024-09-13,SAULNIER Charline,PME+,2024-09-30
2025,20021,LE BRIN D'OLIVIER,42384213700014,1617445,Renewal audit,4-Certification finished,Contracted,2025-01-31,2025-01-28,2025-01-28,2025-01-28,JOIE Alexis,PME+,2025-04-16
2024,66354,FRUITS ROUGES & CO SAS,37897020600025,1546767,Documentary review,4-Certification finished,Contracted,2024-08-12,2024-08-09,2024-08-09,2024-08-09,MENNETRET Laurent,PME+,2024-08-09
2023,21021,APIDIS,39526901200054,1379702,Initial inspection,4-Certification finished,Contracted,2023-01-31,2023-03-09,2023-03-08,2023-03-09,BRONDEX Elodie,PME+,2023-03-29
2023,84590,BAILLON ET COMPAGNIE,30582580400027,1374391,Annual inspection,4-Certification finished,Contracted,2023-10-31,2023-10-20,2023-10-20,2023-10-20,SAULNIER Charline,PME+,2023-11-06
2026,253441,SALAISONS DE ST SAUVEUR,50043831200026,1875390,Documentary review,2-Inspection order accepted,Contracted,2026-11-30,,,,PAINVIN Margaux,PME+,
2023,66851,BISCUITERIE DE PROVENCE SA,38238136600048,1374614,Documentary review,4-Certification finished,Contracted,2023-08-31,2023-10-06,2023-10-06,2023-10-06,MENNETRET Laurent,PME+,2023-10-06
2023,186319,BRASSERIE 3 MONTS,33185949600019,1379704,Initial inspection,4-Certification finished,Contracted,2023-02-28,2023-02-10,2023-02-09,2023-02-10,SCART Hugo,PME+,2023-04-03
2026,306621,LECHEF BRETAGNE INTERNATIONAL,82038874200018,1875358,Documentary review,2-Inspection order accepted,Contracted,2026-06-30,2026-07-02,,,PAINVIN Margaux,PME+,
2026,84539,GENDREAU,34201072500022,1875339,Documentary review,2-Inspection order accepted,Contracted,2026-07-31,2026-08-07,,,PAINVIN Margaux,PME+,
2026,21320,LAITERIE ST DENIS DE L'HOTEL - LSDH,8558149400029,1875416,Annual inspection,2-Inspector's Infoportal,Contracted,2026-11-30,,,,TOUBOUL Julien,PME+,
2022,84510,DE CLERMONT,42143784900019,1132804,Documentary review,4-Certification finished,Contracted,2022-09-30,2023-01-23,2023-01-18,2023-01-18,MOULIN Clement,PME+,2023-01-18
2024,174899,BIERES FINES ,79746103500025,1605469,Initial inspection,4-Certification finished,Contracted,2024-10-31,2024-10-15,2024-10-15,2024-10-15,SCART Hugo,PME+,2025-04-24
2026,312541,RIGA SAS,88548029300079,1875419,Annual inspection,2-Inspector's Infoportal,Contracted,2026-09-30,,,,BIA Elodie,PME+,
2024,63854,HUILERIES DE LAPALISSE,31453979200015,1585241,Initial inspection,4-Certification finished,Contracted,2024-09-30,2024-10-02,2024-10-01,2024-10-02,JOIE Alexis,PME+,2024-10-30
2023,218953,VAL LEGUMES,38848978300018,1374585,Documentary review,4-Certification finished,Contracted,2023-02-28,2023-05-25,2023-05-25,2023-05-25,MOULIN Clement,PME+,2023-05-29
2024,84560,L'ANGELYS,40470198900034,1546868,Annual inspection,4-Certification finished,Contracted,2024-11-30,2024-11-28,2024-11-27,2024-11-28,HUE Clotilde,PME+,2024-12-20
2023,20021,LE BRIN D'OLIVIER,42384213700014,1374605,Documentary review,4-Certification finished,Contracted,2024-01-31,2024-02-15,2024-02-06,2024-02-06,MEYER Iman,PME+,2024-02-09
2022,255229,OVALIS,,1197746,Initial inspection,4-Certification finished,Contracted,2022-01-31,2022-07-12,2022-07-12,2022-07-13,MAGNAN Céline,PME+,2022-09-23
2026,84592,PERRIN VERMOT,30647461000020,1875378,Documentary review,2-Inspector's Infoportal,Contracted,2026-10-31,,,,JOIE Alexis,PME+,
2025,265308,Heritage,90795192500037,1617100,Renewal audit,4-Certification finished,Contracted,2025-06-30,2025-06-05,2025-06-05,2025-06-05,SCART Hugo,PME+,2025-07-31
2026,121684,BRASSERIE ARTISANALE RATZ EURL,43509328100028,1912506,Initial inspection,2-Inspector's Infoportal,Contracted,2026-06-30,2026-06-30,,,TOUBOUL Julien,PME+,
2024,21320,LAITERIE ST DENIS DE L'HOTEL - LSDH,8558149400029,1738186,Annual inspection,4-Certification finished,Contracted,2025-04-30,2025-04-02,2025-04-01,2025-04-01,JOIE Alexis,PME+,2025-04-29
2026,281345,Collectif AEB services,89841681300019,1875315,Documentary review,2-Inspection order accepted,Contracted,2026-11-30,,,,MOULIN Clement,PME+,
2023,183726,GREEN FAMILY,52977758300046,1374566,Documentary review,4-Certification finished,Contracted,2023-12-31,2023-05-12,2023-05-17,2023-05-17,MENNETRET Laurent,PME+,2023-05-17
2026,238889,NINKASI FABRIQUES,42395306600010,1875602,Renewal audit,2-Inspection order accepted,Contracted,2026-06-30,2026-09-02,,,JOIE Alexis,PME+,
2025,107061,ETABLISSEMENTS GIFFARD ET COMPAGNIE SA,5420021700013,1617489,Renewal audit,4-Certification finished,Contracted,2026-01-31,2026-01-28,2026-01-27,2026-01-28,DUVAL Anaïs,PME+,2026-02-06
2024,20636,BOEHLI SAS,41523042400020,1546841,Documentary review,4-Certification finished,Contracted,2024-05-31,2024-06-30,2024-07-04,2024-07-05,JOIE Alexis,PME+,2024-07-22
2025,84457,AGRO'NOVAE,33863506300047,1617424,Documentary review,4-Certification finished,Contracted,2026-02-10,2026-02-10,2026-02-10,2026-02-10,BELLEAU Lucas,PME+,2026-02-10
2023,254624,LA BROSSE ET DUPONT,69558198300100,,Additional inspection,1-Inspection order created,Not contracted,,,,,,PME+,
2026,301923,Salaison SABOIAS,44782950800020,1875514,Additional inspection,2-Inspector's Infoportal,Not contracted,2026-10-31,,,,SUDAN Severine,PME+,
2023,84556,LA BROSSE ET DUPONT,57213300700177,1374645,Renewal audit,4-Certification finished,Contracted,2023-10-31,2023-12-01,2023-11-29,2023-12-01,SCART Hugo,PME+,2023-12-22
2025,66354,FRUITS ROUGES & CO SAS,37897020600025,1617128,Renewal audit,4-Certification finished,Contracted,2025-07-31,2025-07-03,2025-07-01,2025-07-03,PETIT Doriane,PME+,2025-07-29
2025,20375,PODER SAS,35302694100024,1617035,Renewal audit,4-Certification finished,Contracted,2025-10-31,2025-10-15,2025-10-15,2025-10-15,DANGY Antoine,PME+,2025-11-05
2026,84477,BIOPLANTS,52772723400033,1875519,Renewal audit,2-Inspector's Infoportal,Contracted,2026-10-31,,,,MENNETRET Laurent,PME+,
2025,295937,SAS EAUX MINERALES NATURELLES DE QUEZAC,47946348100033,1617433,Documentary review,4-Certification finished,Contracted,2025-06-30,2025-07-30,2025-09-23,2025-09-23,JOIE Alexis,PME+,2025-10-03
2024,224468,CULTURE MIEL ,34329151400036,1546886,Annual inspection,4-Certification finished,Contracted,2024-07-31,2024-09-12,2024-09-12,2024-09-12,BRONDEX Elodie,PME+,2024-10-25
2024,128719,FAMILLE AMIRAULT GROSBOIS SAS,51049325700016,1546761,Documentary review,4-Certification finished,Contracted,2024-12-31,2025-02-14,2025-02-14,2025-02-14,MOULIN Clement,PME+,2025-02-17
2025,24054,BRASSERIE DUYCK SAS,40116220100024,1617190,Documentary review,4-Certification finished,Contracted,2025-04-30,2025-05-02,2025-05-02,2025-05-02,MOULIN Clement,PME+,2025-05-06
2024,21095,VITAGERMINE,77558681100132,1546846,Renewal audit,4-Certification finished,Contracted,2024-12-31,2024-12-18,2024-12-18,2024-12-19,MATHEY Stéphanie,PME+,2025-01-28
2024,300910,LES QUATRE SAISONS,34795652600037,1605474,Initial inspection,4-Certification finished,Contracted,2024-10-31,2024-10-24,2024-10-24,2024-10-24,MOULIN Clement,PME+,2024-11-19
2026,130846,AIL AIL AIL SARL,48035321800021,1875539,Renewal audit,2-Inspector's Infoportal,Contracted,2026-11-30,,,,DANGY Antoine,PME+,
2023,84479,BRETZEL BURGARD SAS,43777366600122,1374568,Documentary review,4-Certification finished,Contracted,2023-06-30,2023-10-18,2023-10-12,2023-10-12,DE MEDTS Emilie,PME+,2023-10-12
2023,245839,LOC MARIA,37934015100107,1397061,Additional inspection,4-Certification finished,Not contracted,,2023-03-29,2023-03-29,2023-03-29,SIMON Elisa,PME+,2023-04-17
2025,218953,VAL LEGUMES,38848978300018,1617198,Documentary review,4-Certification finished,Contracted,2025-04-30,2025-04-30,2025-04-30,2025-04-30,MOULIN Clement,PME+,2025-05-06
2026,84552,JC DAVID,32135524000037,1875351,Documentary review,2-Inspector's Infoportal,Contracted,2026-10-31,,,,JOIE Alexis,PME+,
2023,179209,DES EAUX MINERALES DE RIBEAUVILLE,91542023600019,1448264,Initial inspection,4-Certification finished,Contracted,2023-11-30,2023-11-27,2023-11-27,2023-11-29,SIMON Elisa,PME+,2024-01-15
2024,270071,VINS JEAN LOUIS PARSAT SAS,35333323000012,1546898,Annual inspection,4-Certification finished,Contracted,2024-11-30,2024-11-21,2024-11-21,2024-11-21,HUE Clotilde,PME+,2024-12-18
2023,84538,FROMAGERIE GILLOT,34582029400014,1374572,Documentary review,4-Certification finished,Contracted,2023-12-31,2024-02-12,2024-01-11,2024-01-11,MENNETRET Laurent,PME+,2024-01-11
2026,233287,GROUPE FRANCAISE DE  GASTRONOMIE,55850337100178,1875413,Annual inspection,2-Inspector's Infoportal,Contracted,2026-11-30,,,,BIA Elodie,PME+,
2023,20203,CERECO SAS,38136495900027,1389582,Annual inspection,4-Certification finished,Contracted,2023-09-30,2023-06-28,2023-06-26,2023-06-28,MILIN Francois,PME+,2023-08-11
2022,156511,BORDE SAS,78826729200043,1132796,Documentary review,4-Certification finished,Contracted,2023-02-10,2023-02-17,2023-02-09,2023-02-09,MENNETRET Laurent,PME+,2023-02-09
2026,163760,TRUFFIERES DE RABASSE,40476584400026,1875397,Documentary review,2-Inspector's Infoportal,Contracted,2026-10-31,,,,JOIE Alexis,PME+,
2023,166648,LMT Biscuiteries,37934015100131,1599602,Additional inspection,2-Inspector's Infoportal,Not contracted,,,,,NOURY Pierre-Alexandre,PME+,
2022,160665,CACOLAC SAS,45620239900048,1230320,Documentary review,4-Certification finished,Contracted,2022-07-31,2022-07-15,2022-10-26,2022-10-26,MENNETRET Laurent,PME+,2022-10-26
2022,253436,MAINJOLLE,41011163700055,1105651,Initial inspection,4-Certification finished,Contracted,2022-01-31,2022-01-25,2022-01-25,2022-01-25,BOUTON Chloe,PME+,2022-02-28
2026,320736,MAISON COLLET,82947982300033,1905448,Initial inspection,4-Certification finished,Contracted,2026-04-30,2026-05-07,2026-05-06,2026-05-07,JOIE Alexis,PME+,2026-06-26
2025,247577,SOCIETE FRANCAISE DE DIFFUSION DES VINAIGRES D'ORLEANS SAS,08608029800036,1617143,Renewal audit,4-Certification finished,Contracted,2025-03-31,2025-02-24,2025-02-24,2025-02-24,NOURY Pierre-Alexandre,PME+,2025-03-17
2023,138024,ALPES BISCUITS,38219585700026,1374453,Annual inspection,4-Certification finished,Contracted,2023-10-31,2023-03-17,2023-03-14,2023-03-17,SUDAN Severine,PME+,2023-05-30
